XDAC V1.2 Datafile V1
"fe.151" created on 10/4/02 at 8:53:08 AM on X-11A
Ring energy= 2.58 GeV
E0= 7112.00
NUM_REGIONS= 3
SRB= -200 -20 20 22k
SRSS= 5 0.5 0.05k
SPP= 2 2 2
Settling time= 0.50


Offsets= 9925.80 9914.40
Gains= 7.00 7.00
Iron foil, I0: 50%N2, It:N2, 150K


--------------------------------------------------------------------------------
        Energy            I0            It
    6911.98862    55683.4000    52968.2000
    6916.99353    55390.4000    52806.2000
    6922.00600    55240.4000    52809.2000
    6927.00070    55219.4000    52928.2000
    6932.00293    55303.4000    53131.2000
    6937.01271    54909.4000    52911.2000
    6942.00457    55798.4000    53915.2000
    6947.00394    56142.4000    54395.2000
    6952.01083    56374.4000    54770.2000
    6956.99966    56498.4000    55049.2000
    6961.99597    56666.4000    55364.2000
    6966.99978    56841.4000    55703.2000
    6972.01110    56879.4000    55882.2000
    6977.00420    56831.4000    55963.2000
    6982.00476    56900.4000    56185.2000
    6987.01281    56765.4000    56194.2000
    6992.00249    56664.4000    56232.2000
    6996.99961    56619.4000    56335.2000
    7002.00419    56546.4000    56393.2000
    7006.99026    56568.4000    56544.2000
    7012.00977    56571.4000    56694.2000
    7017.01072    56015.4000    56286.2000
    7021.99301    56758.4000    57161.2000
    7027.00883    56753.4000    57298.2000
    7032.00595    56805.4000    57479.2000
    7037.01049    56874.4000    57690.2000
    7041.99620    56908.4000    57857.2000
    7046.98928    56673.4000    57729.2000
    7051.98975    57081.4000    58248.2000
    7056.99763    57159.4000    58453.2000
    7062.01293    57256.4000    58658.2000
    7067.00921    57353.4000    58844.2000
    7072.01286    57463.4000    59066.2000
    7076.99738    57597.4000    59255.2000
    7081.98922    57581.4000    59268.2000
    7086.98841    57511.4000    59138.2000
    7091.99496    57402.4000    58866.2000
    7092.50135    57380.4000    58825.2000
    7093.00782    57364.4000    58733.2000
    7093.48770    57354.4000    58733.2000
    7093.99431    57325.4000    58661.2000
    7094.50100    57303.4000    58592.2000
    7095.00777    57286.4000    58545.2000
    7095.48793    57283.4000    58479.2000
    7095.99484    57265.4000    58413.2000
    7096.50183    57253.4000    58330.2000
    7097.00889    57240.4000    58249.2000
    7097.48933    57268.4000    58188.2000
    7097.99654    57261.4000    58104.2000
    7098.50383    57261.4000    57987.2000
    7099.01119    57243.4000    57868.2000
    7099.49192    57226.4000    57703.2000
    7099.99942    57293.4000    57618.2000
    7100.50701    57292.4000    57431.2000
    7100.98794    57246.4000    57173.2000
    7101.49568    57257.4000    56926.2000
    7102.00348    57259.4000    56590.2000
    7102.51136    57265.4000    56149.2000
    7102.99258    57266.4000    55644.2000
    7103.50061    57267.4000    54808.2000
    7104.00872    57277.4000    53687.2000
    7104.49015    57266.4000    51601.2000
    7104.99840    57244.4000    47926.2000
    7105.50673    57234.4000    41399.2000
    7105.98838    57212.4000    36123.2000
    7106.49685    57191.4000    32184.2000
    7107.00541    57190.4000    29168.2000
    7107.48726    57174.4000    27338.2000
    7107.99596    57176.4000    25508.2000
    7108.50474    57171.4000    23971.2000
    7108.98680    57178.4000    22978.2000
    7109.49573    57193.4000    22258.2000
    7110.00473    57181.4000    21879.2000
    7110.48701    57189.4000    21590.2000
    7110.99615    57153.4000    21383.2000
    7111.50538    57168.4000    20812.2000
    7111.98787    57185.4000    19882.2000
    7112.49724    57217.4000    18316.2000
    7113.00669    57194.4000    16646.2000
    7113.48939    57215.4000    15082.2000
    7113.99899    57191.4000    13433.2000
    7114.50866    57176.4000    12057.2000
    7114.99157    57142.4000    10689.2000
    7115.50139    57121.4000     9562.2000
    7116.01129    57115.4000     8591.2000
    7116.49442    57126.4000     7884.2000
    7117.00446    57147.4000     7332.2000
    7117.48773    57203.4000     6876.2000
    7117.99792    57182.4000     6511.2000
    7118.50819    57194.4000     6161.2000
    7118.99167    57216.4000     5895.2000
    7119.50209    57222.4000     5641.2000
    7120.01258    57244.4000     5407.2000
    7120.49628    57253.4000     5212.2000
    7121.00692    57257.4000     4974.2000
    7121.49076    57261.4000     4772.2000
    7122.00155    57261.4000     4520.2000
    7122.51241    57244.4000     4245.2000
    7122.99646    57229.4000     4002.2000
    7123.50748    57215.4000     3722.2000
    7123.99167    57196.4000     3494.2000
    7124.50283    57172.4000     3263.2000
    7124.98716    57156.4000     3120.2000
    7125.49848    57132.4000     3040.2000
    7126.00987    57118.4000     3058.2000
    7126.49441    57086.4000     3148.2000
    7127.00595    57087.4000     3325.2000
    7127.49064    57089.4000     3515.2000
    7128.00232    57083.4000     3750.2000
    7128.48715    57079.4000     3955.2000
    7128.99899    57071.4000     4154.2000
    7129.51090    57056.4000     4330.2000
    7129.99594    56999.4000     4441.2000
    7130.50800    56961.4000     4534.2000
    7130.99318    56987.4000     4584.2000
    7131.50540    56970.4000     4597.2000
    7132.88066    56934.4000     4466.2000
    7133.77083    56913.4000     4309.2000
    7134.71520    56931.4000     4152.2000
    7135.63284    56894.4000     4061.2000
    7136.60473    56894.4000     4047.2000
    7137.57689    56891.4000     4098.2000
    7138.57634    56880.4000     4153.2000
    7139.60311    56862.4000     4160.2000
    7140.63019    56827.4000     4078.2000
    7141.68462    56789.4000     3909.2000
    7142.76642    56771.4000     3703.2000
    7143.84856    56752.4000     3530.2000
    7144.95811    56732.4000     3411.2000
    7146.09509    56692.4000     3340.2000
    7147.23245    56667.4000     3288.2000
    7148.39729    56648.4000     3261.2000
    7149.58962    56608.4000     3275.2000
    7150.80947    56582.4000     3323.2000
    7152.02976    56550.4000     3370.2000
    7153.27762    56501.4000     3390.2000
    7154.52593    56439.4000     3392.2000
    7155.80184    56382.4000     3399.2000
    7157.10540    56292.4000     3430.2000
    7158.43662    56283.4000     3485.2000
    7159.76835    56161.4000     3530.2000
    7161.12780    56118.4000     3567.2000
    7162.51499    56060.4000     3592.2000
    7163.90273    56025.4000     3623.2000
    7165.31827    55997.4000     3677.2000
    7166.76163    55966.4000     3775.2000
    7168.20559    55985.4000     3911.2000
    7169.67742    55932.4000     4085.2000
    7171.17715    55898.4000     4283.2000
    7172.67754    55868.4000     4474.2000
    7174.23317    55823.4000     4606.2000
    7175.76220    55766.4000     4642.2000
    7177.34655    55720.4000     4604.2000
    7178.93164    55670.4000     4524.2000
    7180.54479    55612.4000     4379.2000
    7182.15871    55581.4000     4192.2000
    7183.80075    55539.4000     3997.2000
    7185.47096    55523.4000     3799.2000
    7187.14198    55510.4000     3610.2000
    7188.84122    55498.4000     3485.2000
    7190.56873    55509.4000     3485.2000
    7192.29710    55519.4000     3598.2000
    7194.08124    55533.4000     3793.2000
    7195.83884    55571.4000     4043.2000
    7197.65230    55587.4000     4343.2000
    7199.46671    55610.4000     4674.2000
    7201.28208    55596.4000     4942.2000
    7203.15345    55643.4000     5032.2000
    7205.02583    55647.4000     4849.2000
    7206.92679    55703.4000     4385.2000
    7208.82878    55707.4000     3774.2000
    7210.75942    55704.4000     3209.2000
    7212.69113    55737.4000     2777.2000
    7214.67915    55723.4000     2526.2000
    7216.66831    55715.4000     2478.2000
    7218.65862    55695.4000     2635.2000
    7220.67774    55708.4000     2966.2000
    7222.72571    55663.4000     3394.2000
    7224.80260    55711.4000     3907.2000
    7226.88073    55701.4000     4430.2000
    7228.98783    55705.4000     4912.2000
    7231.09622    55710.4000     5259.2000
    7233.23365    55716.4000     5412.2000
    7235.40018    55643.4000     5383.2000
    7237.56806    55604.4000     5223.2000
    7239.76511    55616.4000     4986.2000
    7241.99139    55611.4000     4771.2000
    7244.21909    55609.4000     4665.2000
    7246.47610    55566.4000     4676.2000
    7248.76245    55498.4000     4786.2000
    7251.05031    55427.4000     4913.2000
    7253.36760    54533.4000     4865.2000
    7255.68643    55370.4000     4836.2000
    7258.03477    55270.4000     4685.2000
    7260.41268    55179.4000     4579.2000
    7262.79220    55081.4000     4493.2000
    7265.20138    55033.4000     4332.2000
    7267.64025    54963.4000     4087.2000
    7270.08083    54898.4000     3900.2000
    7272.52312    54818.4000     3824.2000
    7275.02332    54752.4000     3754.2000
    7277.52530    54123.4000     3587.2000
    7280.02908    54935.4000     3479.2000
    7282.59097    54878.4000     3339.2000
    7285.12656    54991.4000     3324.2000
    7287.72039    55070.4000     3528.2000
    7290.31614    55055.4000     3897.2000
    7292.94206    55066.4000     4298.2000
    7295.56995    55139.4000     4658.2000
    7298.22810    55178.4000     4948.2000
    7300.88826    55224.4000     5177.2000
    7303.57877    55326.4000     5329.2000
    7306.29969    55357.4000     5364.2000
    7309.02273    55392.4000     5325.2000
    7311.77627    55421.4000     5321.2000
    7314.53197    55419.4000     5347.2000
    7317.31827    55420.4000     5364.2000
    7320.13525    55423.4000     5368.2000
    7322.95448    55415.4000     5362.2000
    7325.80448    55385.4000     5383.2000
    7328.68532    55349.4000     5492.2000
    7331.53996    55335.4000     5636.2000
    7334.45407    55340.4000     5716.2000
    7337.37059    55324.4000     5657.2000
    7340.31816    55315.4000     5440.2000
    7343.26818    55333.4000     5140.2000
    7346.24935    55329.4000     4848.2000
    7349.26173    55367.4000     4589.2000
    7352.27668    55382.4000     4362.2000
    7355.29420    55359.4000     4170.2000
    7358.34308    55355.4000     4031.2000
    7361.42338    55326.4000     3985.2000
    7364.53518    55368.4000     4042.2000
    7367.62087    55391.4000     4227.2000
    7370.76700    55426.4000     4583.2000
    7373.91592    55459.4000     5142.2000
    7377.06764    55560.4000     5810.2000
    7380.28006    55552.4000     6238.2000
    7383.46642    55544.4000     6324.2000
    7386.71364    55541.4000     6213.2000
    7389.93480    55496.4000     6049.2000
    7393.21699    55479.4000     5942.2000
    7396.50222    55462.4000     5931.2000
    7399.79047    55364.4000     5929.2000
    7403.11091    52805.4000     5625.2000
    7406.46361    55176.4000     5833.2000
    7409.81946    55087.4000     5806.2000
    7413.17847    55000.4000     5824.2000
    7416.59915    54932.4000     5907.2000
    7419.99383    54892.4000     6048.2000
    7423.45034    54902.4000     6135.2000
    7426.88087    54821.4000     6119.2000
    7430.37342    54767.4000     6078.2000
    7433.86938    54732.4000     5947.2000
    7437.36876    54696.4000     5729.2000
    7440.90100    54639.4000     5493.2000
    7444.43674    54615.4000     5344.2000
    7448.00547    54590.4000     5298.2000
    7451.60729    54546.4000     5314.2000
    7455.21272    54485.4000     5357.2000
    7458.85138    54427.4000     5456.2000
    7462.49373    54366.4000     5637.2000
    7466.13977    54344.4000     5853.2000
    7469.81919    54377.4000     6041.2000
    7473.53210    54429.4000     6177.2000
    7477.24885    54490.4000     6329.2000
    7480.99921    54562.4000     6533.2000
    7484.75347    54685.4000     6738.2000
    7488.54149    54703.4000     6862.2000
    7492.33349    54718.4000     6863.2000
    7496.12948    54767.4000     6792.2000
    7499.98933    54762.4000     6711.2000
    7503.82334    54776.4000     6673.2000
    7507.69142    54765.4000     6686.2000
    7511.59367    54772.4000     6742.2000
    7515.50013    54756.4000     6773.2000
    7519.44090    54744.4000     6771.2000
    7523.38596    54733.4000     6733.2000
    7527.36549    54832.4000     6715.2000
    7531.34938    54852.4000     6734.2000
    7535.33765    54825.4000     6788.2000
    7539.39083    54759.4000     6843.2000
    7543.41823    54693.4000     6884.2000
    7547.48043    54565.4000     6850.2000
    7551.57754    54455.4000     6739.2000
    7555.67926    54377.4000     6607.2000
    7559.78560    54272.4000     6533.2000
    7563.92704    54211.4000     6560.2000
    7568.10369    54183.4000     6687.2000
    7572.28512    54100.4000     6869.2000
    7576.47135    54027.4000     7067.2000
    7580.69299    53914.4000     7209.2000
    7584.91951    53894.4000     7291.2000
    7589.18159    53831.4000     7312.2000
    7593.44864    53793.4000     7294.2000
    7597.75142    53776.4000     7291.2000
    7602.05926    53134.4000     7257.2000
    7606.37216    53799.4000     7446.2000
    7610.72099    53872.4000     7544.2000
    7615.10588    53980.4000     7564.2000
    7619.49601    54110.4000     7525.2000
    7623.89139    54270.4000     7515.2000
    7628.32303    54282.4000     7560.2000
    7632.76001    54359.4000     7674.2000
    7637.23343    54568.4000     7836.2000
    7641.71229    54281.4000     7914.2000
    7646.22774    54302.4000     7991.2000
    7650.74873    51673.4000     7643.2000
    7655.27526    54065.4000     8022.2000
    7659.83862    54572.4000     8076.2000
    7664.40761    54479.4000     8025.2000
    7669.01361    54441.4000     7969.2000
    7673.62534    54453.4000     7932.2000
    7678.27425    54480.4000     7909.2000
    7682.92900    54536.4000     7953.2000
    7687.58960    54625.4000     8052.2000
    7692.28760    54585.4000     8150.2000
    7696.99156    54571.4000     8229.2000
    7701.73310    54552.4000     8297.2000
    7706.48069    54508.4000     8377.2000
    7711.23435    52698.4000     8199.2000
    7716.02584    54391.4000     8569.2000
    7720.82349    54230.4000     8609.2000
    7725.65916    54049.4000     8599.2000
    7730.50110    53934.4000     8593.2000
    7735.38124    53845.4000     8606.2000
    7740.26777    53813.4000     8649.2000
    7745.16069    53705.4000     8670.2000
    7750.06001    51784.4000     8391.2000
    7755.02992    50667.4000     8226.2000
    7759.97431    53479.4000     8776.2000
    7764.95739    54013.4000     8964.2000
    7769.94710    54101.4000     9074.2000
    7774.97571    54157.4000     9148.2000
    7780.01105    54186.4000     9212.2000
    7785.05314    54225.4000     9280.2000
    7790.13439    54345.4000     9352.2000
    7795.22250    54445.4000     9397.2000
    7800.34997    54522.4000     9428.2000
    7805.45190    54538.4000     9442.2000
    7810.62587    54464.4000     9456.2000
    7815.77432    54318.4000     9465.2000
    7820.96245    54059.4000     9465.2000
    7826.19041    53461.4000     9396.2000
    7831.39285    53375.4000     9411.2000
    7836.63525    53197.4000     9421.2000
    7841.91773    52952.4000     9433.2000
    7847.20759    52685.4000     9440.2000
    7852.50483    52415.4000     9445.2000
    7857.80947    52214.4000     9484.2000
    7863.15454    52106.4000     9552.2000
    7868.50713    52091.4000     9625.2000
    7873.90037    52176.4000     9721.2000
    7879.30126    52117.4000     9787.2000
    7884.70981    52013.4000     9831.2000
    7890.15930    51920.4000     9865.2000
    7895.61657    51749.4000     9909.2000
    7901.08166    51578.4000     9950.2000
    7906.55456    51360.4000     9963.2000
    7912.06876    51232.4000     9993.2000
    7917.62439    51168.4000    10045.2000
    7923.15456    51005.4000    10080.2000
    7928.72630    50911.4000    10117.2000
    7934.30614    50891.4000    10137.2000
    7939.92779    50856.4000    10158.2000
    7945.55767    50816.4000    10197.2000
    7951.19581    50775.4000    10242.2000
    7956.84222    50683.4000    10281.2000
    7962.53080    50624.4000    10315.2000
    7968.22780    50586.4000    10336.2000
    7973.96720    50593.4000    10361.2000
    7979.71515    50676.4000    10434.2000
    7985.47166    50756.4000    10526.2000
    7991.23676    50786.4000    10601.2000
    7997.04465    50767.4000    10651.2000
    8002.86126    50715.4000    10699.2000
    8008.68662    50584.4000    10740.2000
    8014.55508    50298.4000    10747.2000
    8020.43243    50181.4000    10785.2000
    8026.31868    49967.4000    10802.2000
    8032.21386    49805.4000    10838.2000
    8038.15254    49729.4000    10889.2000
    8044.10029    49603.4000    10935.2000
    8050.05714    49844.4000    11066.2000
    8056.05781    49874.4000    11152.2000
    8062.06771    49947.4000    11251.2000
    8068.08688    49847.4000    11320.2000
    8074.15021    49759.4000    11370.2000
    8080.18802    49739.4000    11422.2000
    8086.27014    49783.4000    11474.2000
    8092.39674    49527.4000    11439.2000
    8098.49785    49857.4000    11543.2000
    8104.64359    49922.4000    11604.2000
    8110.79897    49877.4000    11650.2000
    8116.99926    50040.4000    11765.2000
    8123.17402    50054.4000    11846.2000
    8129.39385    49914.4000    11870.2000
    8135.62351    49729.4000    11877.2000
    8141.89850    49569.4000    11899.2000
    8148.14795    49438.4000    11933.2000
    8154.44289    49259.4000    11957.2000
    8160.78353    49118.4000    11988.2000
    8167.09863    49053.4000    12035.2000
    8173.45958    49065.4000    12115.2000
    8179.83076    49113.4000    12209.2000
    8186.21219    49109.4000    12291.2000
    8192.60389    47385.4000    11924.2000
    8199.04188    49133.4000    12430.2000
    8205.49031    48956.4000    12459.2000
    8211.94921    48779.4000    12488.2000
    8218.41860    48590.4000    12519.2000
    8224.93473    48580.4000    12604.2000
    8231.46152    48588.4000    12684.2000
    8237.99900    48622.4000    12765.2000
    8244.54719    48758.4000    12866.2000
    8251.14258    49000.4000    12988.2000
    8257.71232    49257.4000    13116.2000
    8264.32945    49507.4000    13252.2000
    8270.99416    49536.4000    13333.2000
    8277.63324    49439.4000    13370.2000
    8284.32008    49288.4000    13402.2000
    8291.01807    49111.4000    13427.2000
    8297.72722    48987.4000    13469.2000
    8304.44757    48894.4000    13514.2000
    8311.17913    48705.4000    13524.2000
    8317.95903    48530.4000    13550.2000
    8324.75033    48398.4000    13589.2000
    8331.55306    48124.4000    13588.2000
    8338.40452    47863.4000    13586.2000
    8345.23026    47604.4000    13591.2000
    8352.10492    47363.4000    13604.2000
    8358.99124    47227.4000    13644.2000
    8365.88927    47076.4000    13682.2000
    8372.79903    46980.4000    13742.2000
    8379.75820    47016.4000    13842.2000
    8386.69158    47008.4000    13924.2000
    8393.67455    47041.4000    14017.2000
    8400.66951    47026.4000    14091.2000
    8407.67648    46945.4000    14143.2000
    8414.73346    46731.4000    14167.2000
    8421.80265    46619.4000    14211.2000
    8428.84596    46429.4000    14229.2000
    8435.93958    46269.4000    14250.2000
    8443.04550    46035.4000    14253.2000
    8450.20205    45900.4000    14294.2000
    8457.33273    45799.4000    14346.2000
    8464.51424    45681.4000    14394.2000
    8471.70830    45376.4000    14388.2000
    8478.91496    45139.4000    14390.2000
    8486.13424    44894.4000    14386.2000
    8493.36619    44588.4000    14366.2000
    8500.64959    44361.4000    14376.2000
    8507.94586    44181.4000    14404.2000
    8515.21611    44145.4000    14474.2000
    8522.53813    44225.4000    14586.2000
    8529.87311    44299.4000    14686.2000
    8537.26021    44417.4000    14812.2000
    8544.62129    44656.4000    14979.2000
    8552.03469    44836.4000    15123.2000
    8559.46133    44918.4000    15231.2000
    8566.86185    45088.4000    15377.2000
    8574.31501    45100.4000    15459.2000
    8581.82105    44478.4000    15327.2000
    8589.30100    45051.4000    15604.2000
    8596.79437    45062.4000    15700.2000
    8604.34094    45045.4000    15787.2000
    8611.90115    44944.4000    15846.2000
    8619.47502    44728.4000    15852.2000
    8627.06260    44856.4000    15982.2000
    8634.66392    44667.4000    16005.2000
    8642.27901    44559.4000    16049.2000
    8649.94812    44558.4000    16138.2000
    8657.59095    44626.4000    16245.2000
    8665.28802    44687.4000    16353.2000
    8672.99916    43353.4000    15947.2000
    8680.68393    44937.4000    16616.2000
    8688.42326    43903.4000    16316.2000
    8696.21741    45162.4000    16879.2000
    8703.98524    45148.4000    16965.2000
    8711.76733    45140.4000    17049.2000
    8719.60459    45154.4000    17148.2000
    8727.41541    45215.4000    17266.2000
    8735.28162    45322.4000    17409.2000
    8743.16242    44600.4000    17215.2000
    8751.05782    45682.4000    17724.2000
    8758.96789    45677.4000    17815.2000
    8766.89265    45699.4000    17925.2000
    8774.83215    45689.4000    18019.2000
    8782.82790    45153.4000    17903.2000
    8790.79708    45726.4000    18224.2000
    8798.82274    45405.4000    18190.2000
    8806.82176    45233.4000    18216.2000
    8814.87750    45193.4000    18297.2000
    8822.94838    45186.4000    18391.2000
    8831.03445    45123.4000    18467.2000
    8839.13575    45148.4000    18575.2000
    8847.25231    45094.4000    18655.2000
    8855.38419    45215.4000    18802.2000
    8863.53143    45351.4000    18961.2000
    8871.73639    43828.4000    18427.2000
    8879.91455    45623.4000    19272.2000
    8888.15068    45815.4000    19452.2000
    8896.35993    45876.4000    19585.2000
    8904.62741    45991.4000    19731.2000
    8912.91068    46014.4000    19829.2000
    8921.20976    45961.4000    19906.2000
    8929.52472    45881.4000    19971.2000
    8937.85559    45702.4000    19993.2000
    8946.20242    45414.4000    19974.2000
    8954.56525    45223.4000    19999.2000
    8962.94414    45111.4000    20052.2000
