XDAC V1.2 Datafile V1
"fe.150" created on 10/4/02 at 8:25:48 AM on X-11A
Ring energy= 2.58 GeV
E0= 7112.00
NUM_REGIONS= 3
SRB= -200 -20 20 22k
SRSS= 5 0.5 0.05k
SPP= 2 2 2
Settling time= 0.50


Offsets= 9925.80 9914.40
Gains= 7.00 7.00
Iron foil, I0: 50%N2, It:N2, 150K


--------------------------------------------------------------------------------
        Energy            I0            It
    6911.98862    56204.4000    53467.2000
    6916.99353    56005.4000    53418.2000
    6922.00600    55857.4000    53423.2000
    6927.00070    55779.4000    53474.2000
    6932.00293    55879.4000    53700.2000
    6937.01271    55477.4000    53473.2000
    6942.00457    56353.4000    54449.2000
    6947.00394    56736.4000    54996.2000
    6952.01083    56966.4000    55372.2000
    6956.99966    57107.4000    55641.2000
    6961.99597    57258.4000    55967.2000
    6966.99978    57383.4000    56236.2000
    6972.01110    57384.4000    56387.2000
    6977.00420    57365.4000    56511.2000
    6982.00476    57342.4000    56626.2000
    6987.01281    57280.4000    56718.2000
    6992.00249    57238.4000    56844.2000
    6996.99961    57213.4000    56929.2000
    7002.00419    57171.4000    57023.2000
    7006.99026    57195.4000    57192.2000
    7012.00977    57181.4000    57336.2000
    7017.01072    56584.4000    56866.2000
    7021.99301    57368.4000    57799.2000
    7027.00883    57404.4000    57974.2000
    7032.00595    57438.4000    58146.2000
    7037.01049    57502.4000    58332.2000
    7041.99620    57525.4000    58493.2000
    7046.98928    57304.4000    58387.2000
    7051.98975    57709.4000    58891.2000
    7056.99763    57811.4000    59120.2000
    7062.01293    57896.4000    59323.2000
    7067.00921    57992.4000    59528.2000
    7072.01286    58135.4000    59763.2000
    7076.99738    58307.4000    59988.2000
    7081.98922    58334.4000    60055.2000
    7086.98841    58285.4000    59952.2000
    7091.99496    58185.4000    59689.2000
    7092.50135    58158.4000    59633.2000
    7093.00782    58143.4000    59585.2000
    7093.48770    58127.4000    59525.2000
    7093.99431    58135.4000    59503.2000
    7094.50100    58115.4000    59440.2000
    7095.00777    58053.4000    59322.2000
    7095.48793    58039.4000    59269.2000
    7095.99484    58028.4000    59187.2000
    7096.50183    58039.4000    59150.2000
    7097.00889    58032.4000    59063.2000
    7097.48933    58048.4000    59002.2000
    7097.99654    58039.4000    58902.2000
    7098.50383    58041.4000    58792.2000
    7099.01119    58031.4000    58667.2000
    7099.49192    58017.4000    58528.2000
    7099.99942    58033.4000    58387.2000
    7100.50701    58017.4000    58206.2000
    7100.98794    58018.4000    57965.2000
    7101.49568    57999.4000    57703.2000
    7102.00348    58006.4000    57349.2000
    7102.51136    58013.4000    56942.2000
    7102.99258    58010.4000    56420.2000
    7103.50061    58019.4000    55611.2000
    7104.00872    57975.4000    54455.2000
    7104.49015    57979.4000    52465.2000
    7104.99840    57952.4000    48899.2000
    7105.50673    57927.4000    43234.2000
    7105.98838    57908.4000    37346.2000
    7106.49685    57912.4000    33075.2000
    7107.00541    57877.4000    29836.2000
    7107.48726    57820.4000    27855.2000
    7107.99596    57776.4000    25927.2000
    7108.50474    57769.4000    24341.2000
    7108.98680    57747.4000    23290.2000
    7109.49573    57751.4000    22521.2000
    7110.00473    57787.4000    22138.2000
    7110.48701    57815.4000    21859.2000
    7110.99615    57832.4000    21482.2000
    7111.50538    57840.4000    20725.2000
    7111.98787    57866.4000    19458.2000
    7112.49724    57886.4000    17955.2000
    7113.00669    57908.4000    16157.2000
    7113.48939    57885.4000    14654.2000
    7113.99899    57858.4000    13013.2000
    7114.50866    57850.4000    11546.2000
    7114.99157    57823.4000    10358.2000
    7115.50139    57855.4000     9227.2000
    7116.01129    57849.4000     8411.2000
    7116.49442    57868.4000     7732.2000
    7117.00446    57973.4000     7226.2000
    7117.48773    57946.4000     6800.2000
    7117.99792    57915.4000     6422.2000
    7118.50819    57920.4000     6129.2000
    7118.99167    57945.4000     5854.2000
    7119.50209    57936.4000     5618.2000
    7120.01258    57947.4000     5381.2000
    7120.49628    57966.4000     5163.2000
    7121.00692    57962.4000     4946.2000
    7121.49076    57959.4000     4713.2000
    7122.00155    57943.4000     4473.2000
    7122.51241    57954.4000     4181.2000
    7122.99646    57930.4000     3924.2000
    7123.50748    57943.4000     3647.2000
    7123.99167    57918.4000     3408.2000
    7124.50283    57879.4000     3229.2000
    7124.98716    57865.4000     3108.2000
    7125.49848    57820.4000     3071.2000
    7126.00987    57819.4000     3130.2000
    7126.49441    57801.4000     3261.2000
    7127.00595    57813.4000     3451.2000
    7127.49064    57801.4000     3672.2000
    7128.00232    57779.4000     3876.2000
    7128.48715    57768.4000     4096.2000
    7128.99899    57764.4000     4280.2000
    7129.51090    57763.4000     4442.2000
    7129.99594    57750.4000     4552.2000
    7130.50800    57745.4000     4624.2000
    7130.99318    57714.4000     4656.2000
    7131.50540    57698.4000     4652.2000
    7132.88066    57662.4000     4481.2000
    7133.77083    57644.4000     4320.2000
    7134.71520    57609.4000     4170.2000
    7135.63284    57566.4000     4098.2000
    7136.60473    57565.4000     4103.2000
    7137.57689    57542.4000     4156.2000
    7138.57634    57526.4000     4210.2000
    7139.60311    57508.4000     4201.2000
    7140.63019    57455.4000     4099.2000
    7141.68462    57406.4000     3916.2000
    7142.76642    57323.4000     3707.2000
    7143.84856    57257.4000     3531.2000
    7144.95811    57196.4000     3424.2000
    7146.09509    57141.4000     3357.2000
    7147.23245    57116.4000     3307.2000
    7148.39729    57084.4000     3286.2000
    7149.58962    57053.4000     3307.2000
    7150.80947    57047.4000     3361.2000
    7152.02976    56996.4000     3404.2000
    7153.27762    56943.4000     3421.2000
    7154.52593    56881.4000     3419.2000
    7155.80184    56825.4000     3430.2000
    7157.10540    56785.4000     3470.2000
    7158.43662    56752.4000     3523.2000
    7159.76835    56768.4000     3576.2000
    7161.12780    56691.4000     3608.2000
    7162.51499    56612.4000     3633.2000
    7163.90273    56583.4000     3668.2000
    7165.31827    56578.4000     3730.2000
    7166.76163    56530.4000     3835.2000
    7168.20559    56520.4000     3982.2000
    7169.67742    56535.4000     4159.2000
    7171.17715    56491.4000     4363.2000
    7172.67754    56424.4000     4550.2000
    7174.23317    56381.4000     4668.2000
    7175.76220    56350.4000     4688.2000
    7177.34655    56338.4000     4645.2000
    7178.93164    56324.4000     4557.2000
    7180.54479    56306.4000     4401.2000
    7182.15871    56287.4000     4204.2000
    7183.80075    56262.4000     4016.2000
    7185.47096    56248.4000     3819.2000
    7187.14198    56250.4000     3635.2000
    7188.84122    56247.4000     3523.2000
    7190.56873    56235.4000     3540.2000
    7192.29710    56203.4000     3667.2000
    7194.08124    56178.4000     3871.2000
    7195.83884    56207.4000     4129.2000
    7197.65230    56204.4000     4437.2000
    7199.46671    56200.4000     4762.2000
    7201.28208    56229.4000     5020.2000
    7203.15345    56306.4000     5084.2000
    7205.02583    56291.4000     4854.2000
    7206.92679    56253.4000     4349.2000
    7208.82878    56259.4000     3730.2000
    7210.75942    56255.4000     3171.2000
    7212.69113    56288.4000     2758.2000
    7214.67915    56294.4000     2530.2000
    7216.66831    56308.4000     2516.2000
    7218.65862    56308.4000     2704.2000
    7220.67774    56322.4000     3050.2000
    7222.72571    56277.4000     3506.2000
    7224.80260    56243.4000     4017.2000
    7226.88073    56228.4000     4540.2000
    7228.98783    56228.4000     5026.2000
    7231.09622    56197.4000     5338.2000
    7233.23365    56169.4000     5463.2000
    7235.40018    56137.4000     5418.2000
    7237.56806    56142.4000     5242.2000
    7239.76511    56121.4000     4994.2000
    7241.99139    56138.4000     4798.2000
    7244.21909    56115.4000     4701.2000
    7246.47610    56098.4000     4730.2000
    7248.76245    56059.4000     4853.2000
    7251.05031    55989.4000     4977.2000
    7253.36760    54607.4000     4866.2000
    7255.68643    55937.4000     4868.2000
    7258.03477    55841.4000     4718.2000
    7260.41268    55740.4000     4615.2000
    7262.79220    55662.4000     4526.2000
    7265.20138    55561.4000     4356.2000
    7267.64025    55500.4000     4103.2000
    7270.08083    55430.4000     3925.2000
    7272.52312    55354.4000     3858.2000
    7275.02332    55261.4000     3782.2000
    7277.52530    54127.4000     3573.2000
    7280.02908    55422.4000     3495.2000
    7282.59097    55386.4000     3359.2000
    7285.12656    55388.4000     3358.2000
    7287.72039    55402.4000     3579.2000
    7290.31614    55443.4000     3964.2000
    7292.94206    55500.4000     4377.2000
    7295.56995    55552.4000     4731.2000
    7298.22810    55669.4000     5021.2000
    7300.88826    55692.4000     5238.2000
    7303.57877    55777.4000     5382.2000
    7306.29969    55815.4000     5405.2000
    7309.02273    55820.4000     5365.2000
    7311.77627    55874.4000     5369.2000
    7314.53197    55896.4000     5393.2000
    7317.31827    55913.4000     5416.2000
    7320.13525    55914.4000     5419.2000
    7322.95448    55905.4000     5411.2000
    7325.80448    55908.4000     5441.2000
    7328.68532    55863.4000     5560.2000
    7331.53996    55868.4000     5707.2000
    7334.45407    55863.4000     5772.2000
    7337.37059    55836.4000     5696.2000
    7340.31816    55849.4000     5470.2000
    7343.26818    55847.4000     5160.2000
    7346.24935    55825.4000     4862.2000
    7349.26173    55849.4000     4607.2000
    7352.27668    55834.4000     4382.2000
    7355.29420    55838.4000     4185.2000
    7358.34308    55868.4000     4058.2000
    7361.42338    55900.4000     4027.2000
    7364.53518    55930.4000     4099.2000
    7367.62087    55980.4000     4299.2000
    7370.76700    56013.4000     4675.2000
    7373.91592    56038.4000     5267.2000
    7377.06764    56036.4000     5915.2000
    7380.28006    56046.4000     6318.2000
    7383.46642    56041.4000     6378.2000
    7386.71364    56001.4000     6250.2000
    7389.93480    55969.4000     6087.2000
    7393.21699    55955.4000     5987.2000
    7396.50222    55913.4000     5982.2000
    7399.79047    55816.4000     5977.2000
    7403.11091    54612.4000     5813.2000
    7406.46361    55646.4000     5881.2000
    7409.81946    55587.4000     5861.2000
    7413.17847    55472.4000     5881.2000
    7416.59915    55399.4000     5973.2000
    7419.99383    55382.4000     6117.2000
    7423.45034    55331.4000     6186.2000
    7426.88087    55331.4000     6174.2000
    7430.37342    55271.4000     6127.2000
    7433.86938    55259.4000     5988.2000
    7437.36876    55218.4000     5759.2000
    7440.90100    55140.4000     5527.2000
    7444.43674    55072.4000     5385.2000
    7448.00547    55067.4000     5345.2000
    7451.60729    55024.4000     5365.2000
    7455.21272    54942.4000     5407.2000
    7458.85138    54913.4000     5517.2000
    7462.49373    54868.4000     5704.2000
    7466.13977    54894.4000     5927.2000
    7469.81919    54951.4000     6115.2000
    7473.53210    55024.4000     6256.2000
    7477.24885    55110.4000     6417.2000
    7480.99921    55152.4000     6622.2000
    7484.75347    55217.4000     6822.2000
    7488.54149    55237.4000     6934.2000
    7492.33349    55257.4000     6928.2000
    7496.12948    55263.4000     6847.2000
    7499.98933    55275.4000     6771.2000
    7503.82334    55276.4000     6735.2000
    7507.69142    55260.4000     6752.2000
    7511.59367    55267.4000     6806.2000
    7515.50013    55372.4000     6849.2000
    7519.44090    55292.4000     6835.2000
    7523.38596    55281.4000     6798.2000
    7527.36549    55354.4000     6778.2000
    7531.34938    55376.4000     6798.2000
    7535.33765    55360.4000     6858.2000
    7539.39083    55332.4000     6920.2000
    7543.41823    55275.4000     6960.2000
    7547.48043    55134.4000     6917.2000
    7551.57754    55021.4000     6798.2000
    7555.67926    54916.4000     6666.2000
    7559.78560    54855.4000     6602.2000
    7563.92704    54796.4000     6637.2000
    7568.10369    54684.4000     6759.2000
    7572.28512    54656.4000     6953.2000
    7576.47135    54565.4000     7153.2000
    7580.69299    54476.4000     7294.2000
    7584.91951    54426.4000     7371.2000
    7589.18159    54362.4000     7387.2000
    7593.44864    54329.4000     7365.2000
    7597.75142    54291.4000     7361.2000
    7602.05926    53532.4000     7315.2000
    7606.37216    54305.4000     7523.2000
    7610.72099    54408.4000     7621.2000
    7615.10588    54548.4000     7638.2000
    7619.49601    54672.4000     7598.2000
    7623.89139    54831.4000     7593.2000
    7628.32303    54857.4000     7643.2000
    7632.76001    54828.4000     7748.2000
    7637.23343    55127.4000     7924.2000
    7641.71229    54980.4000     8023.2000
    7646.22774    54933.4000     8086.2000
    7650.74873    52068.4000     7704.2000
    7655.27526    54607.4000     8098.2000
    7659.83862    55268.4000     8179.2000
    7664.40761    55138.4000     8116.2000
    7669.01361    55075.4000     8059.2000
    7673.62534    55085.4000     8017.2000
    7678.27425    55230.4000     8017.2000
    7682.92900    55237.4000     8059.2000
    7687.58960    55241.4000     8154.2000
    7692.28760    55227.4000     8252.2000
    7696.99156    55188.4000     8329.2000
    7701.73310    55150.4000     8391.2000
    7706.48069    55083.4000     8474.2000
    7711.23435    54184.4000     8437.2000
    7716.02584    54952.4000     8662.2000
    7720.82349    54869.4000     8713.2000
    7725.65916    54696.4000     8703.2000
    7730.50110    54617.4000     8704.2000
    7735.38124    54559.4000     8723.2000
    7740.26777    54502.4000     8763.2000
    7745.16069    54289.4000     8768.2000
    7750.06001    52145.4000     8454.2000
    7755.02992    51395.4000     8348.2000
    7759.97431    54336.4000     8924.2000
    7764.95739    54691.4000     9078.2000
    7769.94710    54736.4000     9182.2000
    7774.97571    54749.4000     9255.2000
    7780.01105    54780.4000     9321.2000
    7785.05314    54818.4000     9387.2000
    7790.13439    54942.4000     9463.2000
    7795.22250    55017.4000     9502.2000
    7800.34997    55010.4000     9512.2000
    7805.45190    54997.4000     9524.2000
    7810.62587    54966.4000     9543.2000
    7815.77432    54815.4000     9557.2000
    7820.96245    54424.4000     9534.2000
    7826.19041    53967.4000     9485.2000
    7831.39285    53866.4000     9497.2000
    7836.63525    53696.4000     9512.2000
    7841.91773    53470.4000     9528.2000
    7847.20759    53234.4000     9540.2000
    7852.50483    52999.4000     9555.2000
    7857.80947    52810.4000     9602.2000
    7863.15454    52748.4000     9677.2000
    7868.50713    52777.4000     9755.2000
    7873.90037    52840.4000     9852.2000
    7879.30126    52747.4000     9909.2000
    7884.70981    52611.4000     9945.2000
    7890.15930    52463.4000     9974.2000
    7895.61657    52278.4000    10014.2000
    7901.08166    52100.4000    10055.2000
    7906.55456    51898.4000    10072.2000
    7912.06876    51723.4000    10095.2000
    7917.62439    51593.4000    10133.2000
    7923.15456    51516.4000    10186.2000
    7928.72630    51416.4000    10221.2000
    7934.30614    51391.4000    10238.2000
    7939.92779    51365.4000    10265.2000
    7945.55767    51320.4000    10302.2000
    7951.19581    51258.4000    10346.2000
    7956.84222    51161.4000    10387.2000
    7962.53080    51092.4000    10417.2000
    7968.22780    51068.4000    10438.2000
    7973.96720    51080.4000    10467.2000
    7979.71515    51148.4000    10538.2000
    7985.47166    51222.4000    10626.2000
    7991.23676    51274.4000    10709.2000
    7997.04465    51304.4000    10771.2000
    8002.86126    51289.4000    10828.2000
    8008.68662    51177.4000    10871.2000
    8014.55508    50899.4000    10878.2000
    8020.43243    50733.4000    10908.2000
    8026.31868    50529.4000    10928.2000
    8032.21386    50380.4000    10964.2000
    8038.15254    50317.4000    11020.2000
    8044.10029    50287.4000    11089.2000
    8050.05714    50436.4000    11204.2000
    8056.05781    50448.4000    11286.2000
    8062.06771    50513.4000    11386.2000
    8068.08688    50395.4000    11450.2000
    8074.15021    50308.4000    11498.2000
    8080.18802    50290.4000    11550.2000
    8086.27014    50312.4000    11603.2000
    8092.39674    50238.4000    11607.2000
    8098.49785    50361.4000    11665.2000
    8104.64359    50481.4000    11736.2000
    8110.79897    50446.4000    11787.2000
    8116.99926    50574.4000    11897.2000
    8123.17402    50593.4000    11978.2000
    8129.39385    50464.4000    12003.2000
    8135.62351    50348.4000    12030.2000
    8141.89850    50174.4000    12050.2000
    8148.14795    49975.4000    12069.2000
    8154.44289    49788.4000    12088.2000
    8160.78353    49603.4000    12110.2000
    8167.09863    49540.4000    12159.2000
    8173.45958    49637.4000    12264.2000
    8179.83076    49633.4000    12346.2000
    8186.21219    49610.4000    12421.2000
    8192.60389    47787.4000    12029.2000
    8199.04188    49638.4000    12567.2000
    8205.49031    49467.4000    12595.2000
    8211.94921    49326.4000    12628.2000
    8218.41860    49153.4000    12670.2000
    8224.93473    49127.4000    12753.2000
    8231.46152    49158.4000    12841.2000
    8237.99900    49219.4000    12928.2000
    8244.54719    49398.4000    13040.2000
    8251.14258    49637.4000    13164.2000
    8257.71232    49889.4000    13289.2000
    8264.32945    50126.4000    13424.2000
    8270.99416    50112.4000    13490.2000
    8277.63324    50043.4000    13539.2000
    8284.32008    49885.4000    13568.2000
    8291.01807    49692.4000    13591.2000
    8297.72722    49562.4000    13633.2000
    8304.44757    49428.4000    13664.2000
    8311.17913    49264.4000    13690.2000
    8317.95903    49077.4000    13708.2000
    8324.75033    48950.4000    13750.2000
    8331.55306    48655.4000    13740.2000
    8338.40452    48413.4000    13746.2000
    8345.23026    48109.4000    13742.2000
    8352.10492    47887.4000    13765.2000
    8358.99124    47746.4000    13801.2000
    8365.88927    47631.4000    13847.2000
    8372.79903    47532.4000    13909.2000
    8379.75820    47620.4000    14024.2000
    8386.69158    47576.4000    14096.2000
    8393.67455    47647.4000    14200.2000
    8400.66951    47605.4000    14266.2000
    8407.67648    47452.4000    14302.2000
    8414.73346    47165.4000    14302.2000
    8421.80265    47088.4000    14361.2000
    8428.84596    46915.4000    14381.2000
    8435.93958    46725.4000    14399.2000
    8443.04550    46524.4000    14411.2000
    8450.20205    46384.4000    14451.2000
    8457.33273    46244.4000    14490.2000
    8464.51424    46107.4000    14534.2000
    8471.70830    45818.4000    14533.2000
    8478.91496    45582.4000    14535.2000
    8486.13424    45322.4000    14527.2000
    8493.36619    45007.4000    14505.2000
    8500.64959    44780.4000    14514.2000
    8507.94586    44641.4000    14554.2000
    8515.21611    44640.4000    14640.2000
    8522.53813    44749.4000    14760.2000
    8529.87311    44807.4000    14858.2000
    8537.26021    44941.4000    14989.2000
    8544.62129    45182.4000    15160.2000
    8552.03469    45370.4000    15304.2000
    8559.46133    45529.4000    15441.2000
    8566.86185    45660.4000    15572.2000
    8574.31501    45671.4000    15658.2000
    8581.82105    45292.4000    15610.2000
    8589.30100    45690.4000    15832.2000
    8596.79437    45730.4000    15939.2000
    8604.34094    45688.4000    16020.2000
    8611.90115    45636.4000    16095.2000
    8619.47502    45459.4000    16118.2000
    8627.06260    45453.4000    16202.2000
    8634.66392    45352.4000    16254.2000
    8642.27901    45268.4000    16310.2000
    8649.94812    45270.4000    16398.2000
    8657.59095    45340.4000    16507.2000
    8665.28802    45408.4000    16620.2000
    8672.99916    43867.4000    16143.2000
    8680.68393    45676.4000    16894.2000
    8688.42326    44897.4000    16693.2000
    8696.21741    45877.4000    17152.2000
    8703.98524    45868.4000    17236.2000
    8711.76733    45864.4000    17322.2000
    8719.60459    45848.4000    17411.2000
    8727.41541    45945.4000    17551.2000
    8735.28162    46061.4000    17692.2000
    8743.16242    45734.4000    17659.2000
    8751.05782    46349.4000    17990.2000
    8758.96789    46312.4000    18066.2000
    8766.89265    46309.4000    18166.2000
    8774.83215    46288.4000    18256.2000
    8782.82790    45537.4000    18055.2000
    8790.79708    46297.4000    18456.2000
    8798.82274    45973.4000    18421.2000
    8806.82176    45835.4000    18462.2000
    8814.87750    45843.4000    18566.2000
    8822.94838    45852.4000    18671.2000
    8831.03445    45803.4000    18751.2000
    8839.13575    45840.4000    18866.2000
    8847.25231    45779.4000    18941.2000
    8855.38419    45956.4000    19117.2000
    8863.53143    46103.4000    19276.2000
    8871.73639    43994.4000    18496.2000
    8879.91455    46416.4000    19615.2000
    8888.15068    46594.4000    19793.2000
    8896.35993    46560.4000    19882.2000
    8904.62741    46744.4000    20056.2000
    8912.91068    46741.4000    20149.2000
    8921.20976    46655.4000    20209.2000
    8929.52472    46551.4000    20270.2000
    8937.85559    46324.4000    20276.2000
    8946.20242    45981.4000    20230.2000
    8954.56525    45840.4000    20275.2000
    8962.94414    45745.4000    20340.2000
