XDAC V1.2 Datafile V1
"fe.301" created on 10/4/02 at 10:05:06 AM on X-11A
Ring energy= 2.58 GeV
E0= 7112.00
NUM_REGIONS= 3
SRB= -200 -20 20 22k
SRSS= 5 0.5 0.05k
SPP= 2 2 2
Settling time= 0.50


Offsets= 9925.80 9914.40
Gains= 7.00 7.00
Iron foil, I0: 50%N2, It:N2, 300K


--------------------------------------------------------------------------------
        Energy            I0            It
    6911.98862    54334.4000    51959.2000
    6916.99353    54086.4000    51837.2000
    6922.00600    53923.4000    51814.2000
    6927.00070    53835.4000    51880.2000
    6932.00293    53864.4000    52033.2000
    6937.01271    53530.4000    51852.2000
    6942.00457    54277.4000    52726.2000
    6947.00394    54596.4000    53183.2000
    6952.01083    54828.4000    53572.2000
    6956.99966    54984.4000    53861.2000
    6961.99597    55155.4000    54180.2000
    6966.99978    55303.4000    54486.2000
    6972.01110    55330.4000    54628.2000
    6977.00420    55315.4000    54749.2000
    6982.00476    55274.4000    54862.2000
    6987.01281    55215.4000    54938.2000
    6992.00249    55169.4000    55027.2000
    6996.99961    55134.4000    55124.2000
    7002.00419    55082.4000    55202.2000
    7006.99026    55089.4000    55361.2000
    7012.00977    55079.4000    55487.2000
    7017.01072    54349.4000    54876.2000
    7021.99301    55252.4000    55924.2000
    7027.00883    55315.4000    56119.2000
    7032.00595    55368.4000    56312.2000
    7037.01049    55437.4000    56526.2000
    7041.99620    55461.4000    56663.2000
    7046.98928    55408.4000    56735.2000
    7051.98975    55617.4000    57062.2000
    7056.99763    55689.4000    57247.2000
    7062.01293    55776.4000    57452.2000
    7067.00921    55845.4000    57608.2000
    7072.01286    55959.4000    57791.2000
    7076.99738    56185.4000    58107.2000
    7081.98922    56214.4000    58157.2000
    7086.98841    56191.4000    58091.2000
    7091.99496    56086.4000    57818.2000
    7092.50135    56046.4000    57754.2000
    7093.00782    56054.4000    57742.2000
    7093.48770    56041.4000    57696.2000
    7093.99431    56036.4000    57663.2000
    7094.50100    56024.4000    57614.2000
    7095.00777    55991.4000    57530.2000
    7095.48793    55935.4000    57422.2000
    7095.99484    55890.4000    57315.2000
    7096.50183    55875.4000    57249.2000
    7097.00889    55866.4000    57169.2000
    7097.48933    55839.4000    57080.2000
    7097.99654    55811.4000    56962.2000
    7098.50383    55815.4000    56869.2000
    7099.01119    55801.4000    56756.2000
    7099.49192    55792.4000    56630.2000
    7099.99942    55780.4000    56470.2000
    7100.50701    55762.4000    56261.2000
    7100.98794    55748.4000    56066.2000
    7101.49568    55765.4000    55843.2000
    7102.00348    55822.4000    55592.2000
    7102.51136    55826.4000    55264.2000
    7102.99258    55829.4000    54784.2000
    7103.50061    55828.4000    54110.2000
    7104.00872    55822.4000    53069.2000
    7104.49015    55819.4000    51479.2000
    7104.99840    55816.4000    48780.2000
    7105.50673    55822.4000    43711.2000
    7105.98838    55796.4000    38470.2000
    7106.49685    55787.4000    33084.2000
    7107.00541    55767.4000    29716.2000
    7107.48726    55746.4000    27543.2000
    7107.99596    55773.4000    25670.2000
    7108.50474    55764.4000    24196.2000
    7108.98680    55781.4000    22898.2000
    7109.49573    55823.4000    22098.2000
    7110.00473    55813.4000    21560.2000
    7110.48701    55795.4000    21245.2000
    7110.99615    55794.4000    20919.2000
    7111.50538    55807.4000    20290.2000
    7111.98787    55820.4000    19308.2000
    7112.49724    55823.4000    17724.2000
    7113.00669    55847.4000    16115.2000
    7113.48939    55846.4000    14610.2000
    7113.99899    55874.4000    13044.2000
    7114.50866    55861.4000    11734.2000
    7114.99157    55863.4000    10427.2000
    7115.50139    55865.4000     9343.2000
    7116.01129    55891.4000     8407.2000
    7116.49442    55892.4000     7715.2000
    7117.00446    55888.4000     7175.2000
    7117.48773    55908.4000     6722.2000
    7117.99792    55892.4000     6363.2000
    7118.50819    55897.4000     6023.2000
    7118.99167    55915.4000     5760.2000
    7119.50209    55930.4000     5513.2000
    7120.01258    55922.4000     5285.2000
    7120.49628    55916.4000     5096.2000
    7121.00692    55911.4000     4863.2000
    7121.49076    55897.4000     4663.2000
    7122.00155    55868.4000     4415.2000
    7122.51241    55853.4000     4150.2000
    7122.99646    55827.4000     3914.2000
    7123.50748    55792.4000     3645.2000
    7123.99167    55772.4000     3426.2000
    7124.50283    55750.4000     3207.2000
    7124.98716    55756.4000     3076.2000
    7125.49848    55715.4000     3001.2000
    7126.00987    55713.4000     3021.2000
    7126.49441    55738.4000     3109.2000
    7127.00595    55757.4000     3278.2000
    7127.49064    55722.4000     3454.2000
    7128.00232    55731.4000     3678.2000
    7128.48715    55734.4000     3871.2000
    7128.99899    55732.4000     4061.2000
    7129.51090    55734.4000     4229.2000
    7129.99594    55737.4000     4337.2000
    7130.50800    55751.4000     4427.2000
    7130.99318    55747.4000     4469.2000
    7131.50540    55751.4000     4480.2000
    7132.88066    55705.4000     4348.2000
    7133.77083    55680.4000     4199.2000
    7134.71520    55663.4000     4053.2000
    7135.63284    55657.4000     3974.2000
    7136.60473    55633.4000     3964.2000
    7137.57689    55598.4000     4008.2000
    7138.57634    55605.4000     4055.2000
    7139.60311    55580.4000     4055.2000
    7140.63019    55544.4000     3971.2000
    7141.68462    55514.4000     3813.2000
    7142.76642    55498.4000     3624.2000
    7143.84856    55460.4000     3466.2000
    7144.95811    55428.4000     3354.2000
    7146.09509    55416.4000     3289.2000
    7147.23245    55393.4000     3241.2000
    7148.39729    55375.4000     3216.2000
    7149.58962    55335.4000     3232.2000
    7150.80947    55314.4000     3276.2000
    7152.02976    55307.4000     3319.2000
    7153.27762    55269.4000     3337.2000
    7154.52593    55201.4000     3339.2000
    7155.80184    55167.4000     3352.2000
    7157.10540    55131.4000     3386.2000
    7158.43662    55066.4000     3434.2000
    7159.76835    54987.4000     3478.2000
    7161.12780    54916.4000     3513.2000
    7162.51499    54875.4000     3542.2000
    7163.90273    54831.4000     3574.2000
    7165.31827    54776.4000     3627.2000
    7166.76163    54728.4000     3718.2000
    7168.20559    54712.4000     3841.2000
    7169.67742    54652.4000     3999.2000
    7171.17715    54579.4000     4172.2000
    7172.67754    54523.4000     4336.2000
    7174.23317    54479.4000     4447.2000
    7175.76220    54436.4000     4473.2000
    7177.34655    54414.4000     4440.2000
    7178.93164    54419.4000     4373.2000
    7180.54479    54462.4000     4252.2000
    7182.15871    54369.4000     4082.2000
    7183.80075    54309.4000     3909.2000
    7185.47096    54302.4000     3737.2000
    7187.14198    54304.4000     3574.2000
    7188.84122    54313.4000     3479.2000
    7190.56873    54313.4000     3488.2000
    7192.29710    54328.4000     3594.2000
    7194.08124    54344.4000     3766.2000
    7195.83884    54368.4000     3981.2000
    7197.65230    54363.4000     4235.2000
    7199.46671    54358.4000     4506.2000
    7201.28208    54366.4000     4715.2000
    7203.15345    54401.4000     4759.2000
    7205.02583    54400.4000     4564.2000
    7206.92679    54391.4000     4127.2000
    7208.82878    54396.4000     3612.2000
    7210.75942    54430.4000     3156.2000
    7212.69113    54496.4000     2820.2000
    7214.67915    54473.4000     2635.2000
    7216.66831    54593.4000     2628.2000
    7218.65862    54726.4000     2793.2000
    7220.67774    54658.4000     3081.2000
    7222.72571    54603.4000     3452.2000
    7224.80260    54600.4000     3886.2000
    7226.88073    54587.4000     4328.2000
    7228.98783    54573.4000     4733.2000
    7231.09622    54579.4000     5023.2000
    7233.23365    54582.4000     5156.2000
    7235.40018    54544.4000     5144.2000
    7237.56806    54535.4000     5013.2000
    7239.76511    54522.4000     4812.2000
    7241.99139    54519.4000     4631.2000
    7244.21909    54517.4000     4539.2000
    7246.47610    54494.4000     4556.2000
    7248.76245    54476.4000     4655.2000
    7251.05031    54422.4000     4741.2000
    7253.36760    53418.4000     4658.2000
    7255.68643    54407.4000     4654.2000
    7258.03477    54313.4000     4535.2000
    7260.41268    54226.4000     4445.2000
    7262.79220    54099.4000     4352.2000
    7265.20138    54013.4000     4198.2000
    7267.64025    53929.4000     4010.2000
    7270.08083    53870.4000     3880.2000
    7272.52312    53806.4000     3812.2000
    7275.02332    53717.4000     3737.2000
    7277.52530    53090.4000     3596.2000
    7280.02908    53810.4000     3537.2000
    7282.59097    53783.4000     3454.2000
    7285.12656    53762.4000     3476.2000
    7287.72039    53763.4000     3659.2000
    7290.31614    53773.4000     3953.2000
    7292.94206    53795.4000     4271.2000
    7295.56995    53835.4000     4560.2000
    7298.22810    53883.4000     4798.2000
    7300.88826    53933.4000     4976.2000
    7303.57877    54017.4000     5086.2000
    7306.29969    54061.4000     5116.2000
    7309.02273    54096.4000     5106.2000
    7311.77627    54137.4000     5120.2000
    7314.53197    54152.4000     5142.2000
    7317.31827    54176.4000     5160.2000
    7320.13525    54176.4000     5168.2000
    7322.95448    54154.4000     5173.2000
    7325.80448    54147.4000     5205.2000
    7328.68532    54144.4000     5296.2000
    7331.53996    54114.4000     5381.2000
    7334.45407    54106.4000     5411.2000
    7337.37059    54082.4000     5329.2000
    7340.31816    54092.4000     5149.2000
    7343.26818    54116.4000     4928.2000
    7346.24935    54109.4000     4722.2000
    7349.26173    54142.4000     4550.2000
    7352.27668    54154.4000     4403.2000
    7355.29420    54175.4000     4280.2000
    7358.34308    54183.4000     4200.2000
    7361.42338    54189.4000     4189.2000
    7364.53518    54229.4000     4262.2000
    7367.62087    54291.4000     4444.2000
    7370.76700    54315.4000     4736.2000
    7373.91592    54347.4000     5141.2000
    7377.06764    54375.4000     5569.2000
    7380.28006    54394.4000     5838.2000
    7383.46642    54408.4000     5908.2000
    7386.71364    54376.4000     5851.2000
    7389.93480    54365.4000     5767.2000
    7393.21699    54330.4000     5722.2000
    7396.50222    54311.4000     5729.2000
    7399.79047    54217.4000     5730.2000
    7403.11091    51903.4000     5480.2000
    7406.46361    54038.4000     5693.2000
    7409.81946    53933.4000     5684.2000
    7413.17847    53851.4000     5710.2000
    7416.59915    53799.4000     5776.2000
    7419.99383    53740.4000     5865.2000
    7423.45034    53706.4000     5900.2000
    7426.88087    53604.4000     5877.2000
    7430.37342    53552.4000     5823.2000
    7433.86938    53503.4000     5716.2000
    7437.36876    53500.4000     5583.2000
    7440.90100    53402.4000     5455.2000
    7444.43674    53366.4000     5390.2000
    7448.00547    53343.4000     5376.2000
    7451.60729    53315.4000     5393.2000
    7455.21272    53258.4000     5436.2000
    7458.85138    53225.4000     5525.2000
    7462.49373    53179.4000     5656.2000
    7466.13977    53174.4000     5804.2000
    7469.81919    53206.4000     5936.2000
    7473.53210    53271.4000     6046.2000
    7477.24885    53363.4000     6170.2000
    7480.99921    53437.4000     6315.2000
    7484.75347    53484.4000     6443.2000
    7488.54149    53522.4000     6520.2000
    7492.33349    53546.4000     6530.2000
    7496.12948    53574.4000     6505.2000
    7499.98933    53551.4000     6479.2000
    7503.82334    53539.4000     6486.2000
    7507.69142    53518.4000     6516.2000
    7511.59367    53501.4000     6553.2000
    7515.50013    53492.4000     6577.2000
    7519.44090    53457.4000     6583.2000
    7523.38596    53471.4000     6573.2000
    7527.36549    53521.4000     6578.2000
    7531.34938    53550.4000     6607.2000
    7535.33765    53534.4000     6642.2000
    7539.39083    53482.4000     6675.2000
    7543.41823    53419.4000     6690.2000
    7547.48043    53278.4000     6661.2000
    7551.57754    53167.4000     6606.2000
    7555.67926    53058.4000     6556.2000
    7559.78560    52976.4000     6543.2000
    7563.92704    52970.4000     6590.2000
    7568.10369    52896.4000     6675.2000
    7572.28512    52821.4000     6789.2000
    7576.47135    52754.4000     6901.2000
    7580.69299    52669.4000     6988.2000
    7584.91951    52609.4000     7039.2000
    7589.18159    52567.4000     7066.2000
    7593.44864    52568.4000     7084.2000
    7597.75142    52490.4000     7105.2000
    7602.05926    51833.4000     7072.2000
    7606.37216    52474.4000     7228.2000
    7610.72099    52565.4000     7298.2000
    7615.10588    52675.4000     7327.2000
    7619.49601    52793.4000     7345.2000
    7623.89139    52919.4000     7381.2000
    7628.32303    52942.4000     7435.2000
    7632.76001    53068.4000     7524.2000
    7637.23343    53268.4000     7632.2000
    7641.71229    53071.4000     7676.2000
    7646.22774    53134.4000     7735.2000
    7650.74873    50658.4000     7410.2000
    7655.27526    52906.4000     7761.2000
    7659.83862    53332.4000     7831.2000
    7664.40761    53269.4000     7821.2000
    7669.01361    53208.4000     7808.2000
    7673.62534    53166.4000     7801.2000
    7678.27425    53178.4000     7818.2000
    7682.92900    53226.4000     7869.2000
    7687.58960    53294.4000     7943.2000
    7692.28760    53285.4000     8009.2000
    7696.99156    53262.4000     8067.2000
    7701.73310    53216.4000     8123.2000
    7706.48069    53161.4000     8184.2000
    7711.23435    51337.4000     7976.2000
    7716.02584    53050.4000     8313.2000
    7720.82349    52906.4000     8344.2000
    7725.65916    52756.4000     8361.2000
    7730.50110    52670.4000     8384.2000
    7735.38124    52590.4000     8413.2000
    7740.26777    52539.4000     8451.2000
    7745.16069    52397.4000     8468.2000
    7750.06001    50598.4000     8228.2000
    7755.02992    49302.4000     8046.2000
    7759.97431    51969.4000     8548.2000
    7764.95739    52545.4000     8712.2000
    7769.94710    52626.4000     8789.2000
    7774.97571    52663.4000     8851.2000
    7780.01105    52677.4000     8904.2000
    7785.05314    52706.4000     8957.2000
    7790.13439    52855.4000     9027.2000
    7795.22250    52993.4000     9090.2000
    7800.34997    53067.4000     9137.2000
    7805.45190    53093.4000     9173.2000
    7810.62587    53099.4000     9213.2000
    7815.77432    52944.4000     9232.2000
    7820.96245    52644.4000     9225.2000
    7826.19041    52148.4000     9182.2000
    7831.39285    52056.4000     9206.2000
    7836.63525    51856.4000     9218.2000
    7841.91773    51633.4000     9235.2000
    7847.20759    51355.4000     9242.2000
    7852.50483    51074.4000     9249.2000
    7857.80947    50833.4000     9268.2000
    7863.15454    50696.4000     9304.2000
    7868.50713    50682.4000     9363.2000
    7873.90037    50779.4000     9445.2000
    7879.30126    50779.4000     9508.2000
    7884.70981    50757.4000     9560.2000
    7890.15930    50673.4000     9600.2000
    7895.61657    50522.4000     9635.2000
    7901.08166    50387.4000     9673.2000
    7906.55456    50179.4000     9687.2000
    7912.06876    50005.4000     9714.2000
    7917.62439    49860.4000     9744.2000
    7923.15456    49712.4000     9772.2000
    7928.72630    49569.4000     9795.2000
    7934.30614    49537.4000     9836.2000
    7939.92779    49502.4000     9870.2000
    7945.55767    49456.4000     9910.2000
    7951.19581    49375.4000     9939.2000
    7956.84222    49363.4000     9990.2000
    7962.53080    49242.4000    10015.2000
    7968.22780    49162.4000    10039.2000
    7973.96720    49136.4000    10083.2000
    7979.71515    49189.4000    10152.2000
    7985.47166    49270.4000    10231.2000
    7991.23676    49338.4000    10306.2000
    7997.04465    49356.4000    10368.2000
    8002.86126    49371.4000    10433.2000
    8008.68662    49294.4000    10475.2000
    8014.55508    48948.4000    10460.2000
    8020.43243    48864.4000    10500.2000
    8026.31868    48630.4000    10507.2000
    8032.21386    48412.4000    10523.2000
    8038.15254    48305.4000    10567.2000
    8044.10029    48151.4000    10598.2000
    8050.05714    48382.4000    10716.2000
    8056.05781    48432.4000    10793.2000
    8062.06771    48513.4000    10878.2000
    8068.08688    48399.4000    10917.2000
    8074.15021    48318.4000    10956.2000
    8080.18802    48290.4000    11005.2000
    8086.27014    48310.4000    11063.2000
    8092.39674    48108.4000    11068.2000
    8098.49785    48421.4000    11189.2000
    8104.64359    48506.4000    11266.2000
    8110.79897    48456.4000    11312.2000
    8116.99926    48583.4000    11409.2000
    8123.17402    48623.4000    11486.2000
    8129.39385    48509.4000    11517.2000
    8135.62351    48362.4000    11545.2000
    8141.89850    48231.4000    11577.2000
    8148.14795    48016.4000    11587.2000
    8154.44289    47849.4000    11612.2000
    8160.78353    47705.4000    11641.2000
    8167.09863    47606.4000    11682.2000
    8173.45958    47614.4000    11752.2000
    8179.83076    47626.4000    11827.2000
    8186.21219    47609.4000    11887.2000
    8192.60389    45923.4000    11529.2000
    8199.04188    47604.4000    12020.2000
    8205.49031    47456.4000    12050.2000
    8211.94921    47306.4000    12087.2000
    8218.41860    47182.4000    12131.2000
    8224.93473    47141.4000    12194.2000
    8231.46152    47139.4000    12268.2000
    8237.99900    47191.4000    12353.2000
    8244.54719    47307.4000    12450.2000
    8251.14258    47514.4000    12571.2000
    8257.71232    47773.4000    12704.2000
    8264.32945    48010.4000    12832.2000
    8270.99416    48076.4000    12917.2000
    8277.63324    47996.4000    12957.2000
    8284.32008    47858.4000    12983.2000
    8291.01807    47671.4000    13005.2000
    8297.72722    47526.4000    13043.2000
    8304.44757    47412.4000    13082.2000
    8311.17913    47250.4000    13108.2000
    8317.95903    47085.4000    13137.2000
    8324.75033    46976.4000    13181.2000
    8331.55306    46736.4000    13189.2000
    8338.40452    46504.4000    13196.2000
    8345.23026    46219.4000    13193.2000
    8352.10492    46064.4000    13225.2000
    8358.99124    45935.4000    13262.2000
    8365.88927    45759.4000    13289.2000
    8372.79903    45638.4000    13332.2000
    8379.75820    45681.4000    13420.2000
    8386.69158    45681.4000    13497.2000
    8393.67455    45725.4000    13586.2000
    8400.66951    45747.4000    13665.2000
    8407.67648    45693.4000    13732.2000
    8414.73346    45533.4000    13765.2000
    8421.80265    45388.4000    13805.2000
    8428.84596    45182.4000    13818.2000
    8435.93958    44973.4000    13833.2000
    8443.04550    44813.4000    13866.2000
    8450.20205    44643.4000    13895.2000
    8457.33273    44477.4000    13921.2000
    8464.51424    44356.4000    13964.2000
    8471.70830    44090.4000    13963.2000
    8478.91496    43850.4000    13963.2000
    8486.13424    43606.4000    13964.2000
    8493.36619    43289.4000    13939.2000
    8500.64959    43011.4000    13933.2000
    8507.94586    42794.4000    13946.2000
    8515.21611    42713.4000    13997.2000
    8522.53813    42760.4000    14091.2000
    8529.87311    42819.4000    14185.2000
    8537.26021    42911.4000    14297.2000
    8544.62129    43129.4000    14456.2000
    8552.03469    43309.4000    14598.2000
    8559.46133    43403.4000    14709.2000
    8566.86185    43603.4000    14860.2000
    8574.31501    43685.4000    14971.2000
    8581.82105    43087.4000    14849.2000
    8589.30100    43653.4000    15126.2000
    8596.79437    43662.4000    15211.2000
    8604.34094    43644.4000    15293.2000
    8611.90115    43547.4000    15340.2000
    8619.47502    43341.4000    15346.2000
    8627.06260    43392.4000    15444.2000
    8634.66392    43227.4000    15468.2000
    8642.27901    43104.4000    15499.2000
    8649.94812    43068.4000    15565.2000
    8657.59095    43083.4000    15655.2000
    8665.28802    43117.4000    15755.2000
    8672.99916    41785.4000    15355.2000
    8680.68393    43321.4000    16004.2000
    8688.42326    42316.4000    15714.2000
    8696.21741    43507.4000    16243.2000
    8703.98524    43503.4000    16326.2000
    8711.76733    43457.4000    16397.2000
    8719.60459    43432.4000    16478.2000
    8727.41541    43480.4000    16586.2000
    8735.28162    43561.4000    16707.2000
    8743.16242    42927.4000    16545.2000
    8751.05782    43898.4000    17013.2000
    8758.96789    43920.4000    17114.2000
    8766.89265    43940.4000    17217.2000
    8774.83215    43940.4000    17308.2000
    8782.82790    43398.4000    17186.2000
    8790.79708    44027.4000    17528.2000
    8798.82274    43718.4000    17498.2000
    8806.82176    43534.4000    17519.2000
    8814.87750    43469.4000    17586.2000
    8822.94838    43440.4000    17670.2000
    8831.03445    43376.4000    17737.2000
    8839.13575    43421.4000    17851.2000
    8847.25231    43389.4000    17930.2000
    8855.38419    43502.4000    18071.2000
    8863.53143    43626.4000    18224.2000
    8871.73639    42174.4000    17718.2000
    8879.91455    43885.4000    18520.2000
    8888.15068    44074.4000    18696.2000
    8896.35993    44157.4000    18828.2000
    8904.62741    44284.4000    18978.2000
    8912.91068    44380.4000    19116.2000
    8921.20976    44277.4000    19168.2000
    8929.52472    44199.4000    19236.2000
    8937.85559    44010.4000    19245.2000
    8946.20242    43695.4000    19204.2000
    8954.56525    43532.4000    19230.2000
    8962.94414    43433.4000    19288.2000
