XDAC V1.2 Datafile V1
"fe73ga27.302" created on 6/28/02 at 10:14:29 AM on X-11A
Ring energy= 2.58 GeV
E0= 7112.00
NUM_REGIONS= 4
SRB= -200 -20 30 10k 19k
SRSS= 20 0.5 0.07k 0.07k
SPP= 1 1 2 3
Settling time= 0.50


Offsets= 10006.20 1337.40
Gains= 7.00 10.00
GaFe Sample #1029, Fe(72.74)Ga(27.26), 300K
single crystal slug, [100] face
I0: N2; If:100% Ar, Lytle detector
--------------------------------------------------------------------------------
        Energy            I0            If
    6911.98862    41284.8000      932.6000
    6932.00293    41160.8000      948.6000
    6952.01083    40884.8000      967.6000
    6972.01110    40649.8000      992.6000
    6992.00249    40565.8000     1028.6000
    7012.00977    40593.8000     1075.6000
    7032.00595    40539.8000     1148.6000
    7051.98975    40214.8000     1271.6000
    7072.01286    40032.8000     1514.6000
    7091.99496    40212.8000     2165.6000
    7092.50135    40233.8000     2189.6000
    7093.00782    40250.8000     2223.6000
    7093.48770    40272.8000     2250.6000
    7093.99431    40285.8000     2285.6000
    7094.50100    40283.8000     2318.6000
    7095.00777    40310.8000     2354.6000
    7095.48793    40322.8000     2391.6000
    7095.99484    40323.8000     2443.6000
    7096.50183    40338.8000     2502.6000
    7097.00889    40343.8000     2534.6000
    7097.48933    40353.8000     2592.6000
    7097.99654    40368.8000     2639.6000
    7098.50383    40378.8000     2696.6000
    7099.01119    40371.8000     2770.6000
    7099.49192    40385.8000     2825.6000
    7099.99942    40394.8000     2894.6000
    7100.50701    40389.8000     2957.6000
    7100.98794    40389.8000     3044.6000
    7101.49568    40400.8000     3120.6000
    7102.00348    40413.8000     3221.6000
    7102.51136    40394.8000     3333.6000
    7102.99258    40407.8000     3435.6000
    7103.50061    40400.8000     3554.6000
    7104.00872    40397.8000     3670.6000
    7104.49015    40396.8000     3811.6000
    7104.99840    40384.8000     3981.6000
    7105.50673    40389.8000     4184.6000
    7105.98838    40389.8000     4402.6000
    7106.49685    40381.8000     4621.6000
    7107.00541    40368.8000     4927.6000
    7107.48726    40380.8000     5273.6000
    7107.99596    40349.8000     5735.6000
    7108.50474    40320.8000     6313.6000
    7108.98680    40300.8000     6981.6000
    7109.49573    40317.8000     8214.6000
    7110.00473    40320.8000     9917.6000
    7110.48701    40299.8000    13073.6000
    7110.99615    40280.8000    18130.6000
    7111.50538    40256.8000    24088.6000
    7111.98787    40232.8000    28311.6000
    7112.49724    40228.8000    30818.6000
    7113.00669    40213.8000    32683.6000
    7113.48939    40195.8000    33822.6000
    7113.99899    40184.8000    35007.6000
    7114.50866    40165.8000    36285.6000
    7114.99157    40162.8000    37716.6000
    7115.50139    40165.8000    39870.6000
    7116.01129    40160.8000    42134.6000
    7116.49442    40164.8000    44496.6000
    7117.00446    40161.8000    46351.6000
    7117.48773    40148.8000    47834.6000
    7117.99792    40131.8000    49405.6000
    7118.50819    40129.8000    50619.6000
    7118.99167    40110.8000    51882.6000
    7119.50209    40107.8000    52998.6000
    7120.01258    40093.8000    54169.6000
    7120.49628    40083.8000    55035.6000
    7121.00692    40079.8000    55882.6000
    7121.49076    40071.8000    56667.6000
    7122.00155    40061.8000    57289.6000
    7122.51241    40034.8000    57931.6000
    7122.99646    40025.8000    58504.6000
    7123.50748    40020.8000    59133.6000
    7123.99167    40011.8000    59737.6000
    7124.50283    39995.8000    60161.6000
    7124.98716    39985.8000    60763.6000
    7125.49848    39961.8000    61272.6000
    7126.00987    39952.8000    61903.6000
    7126.49441    39944.8000    62443.6000
    7127.00595    39931.8000    62977.6000
    7127.49064    39911.8000    63415.6000
    7128.00232    39902.8000    63820.6000
    7128.48715    39884.8000    64117.6000
    7128.99899    39862.8000    64378.6000
    7129.51090    39840.8000    64464.6000
    7129.99594    39831.8000    64368.6000
    7130.50800    39813.8000    64141.6000
    7130.99318    39788.8000    63823.6000
    7131.50540    39768.8000    63452.6000
    7131.99072    39767.8000    63104.6000
    7132.50308    39753.8000    62930.6000
    7132.98855    39733.8000    62669.6000
    7133.50106    39732.8000    62477.6000
    7133.98666    39690.8000    62370.6000
    7134.49932    39688.8000    62348.6000
    7135.01206    39667.8000    62238.6000
    7135.49788    39658.8000    62261.6000
    7136.01076    39647.8000    62301.6000
    7136.49673    39645.8000    62371.6000
    7137.00976    39640.8000    62445.6000
    7137.49587    39622.8000    62518.6000
    7138.00905    39605.8000    62619.6000
    7138.49530    39581.8000    62534.6000
    7139.00863    39603.8000    62727.6000
    7139.49502    39595.8000    62698.6000
    7140.00850    39594.8000    62667.6000
    7140.49503    39584.8000    62703.6000
    7141.00867    39592.8000    62748.6000
    7141.49534    39587.8000    62795.6000
    7143.52388    79139.6000   125982.2000
    7145.06638    79098.6000   126683.2000
    7146.66373    79019.6000   127297.2000
    7148.28891    78973.6000   127610.2000
    7149.94197    78916.6000   127707.2000
    7151.65007    78875.6000   127828.2000
    7153.38615    78866.6000   127702.2000
    7155.17740    78840.6000   127723.2000
    7156.96959    78834.6000   127575.2000
    7158.84424    78861.6000   127700.2000
    7160.71991    78901.6000   127898.2000
    7162.65101    78906.6000   128100.2000
    7164.61043    78889.6000   128123.2000
    7166.62543    78912.6000   128106.2000
    7168.64162    78950.6000   127979.2000
    7170.74080    78927.6000   127704.2000
    7172.84126    78932.6000   127256.2000
    7174.99760    78964.6000   126764.2000
    7177.18262    78977.6000   126473.2000
    7179.39637    78996.6000   126523.2000
    7181.66625    78985.6000   126659.2000
    7183.96499    78979.6000   127016.2000
    7186.29267    79016.6000   127686.2000
    7188.67674    79048.6000   128333.2000
    7191.08989    79073.6000   129006.2000
    7193.53218    79085.6000   129282.2000
    7196.03113    79098.6000   129250.2000
    7198.55939    79114.6000   128904.2000
    7201.11700    79139.6000   128333.2000
    7203.70404    79143.6000   128266.2000
    7206.34812    79058.6000   128717.2000
    7209.02180    79025.6000   130435.2000
    7211.72514    78972.6000   132105.2000
    7214.45820    78943.6000   133216.2000
    7217.24870    78867.6000   133500.2000
    7220.06911    78786.6000   132832.2000
    7222.94719    78764.6000   131534.2000
    7225.82765    78721.6000   130153.2000
    7228.76597    78631.6000   128574.2000
    7231.73453    78605.6000   127450.2000
    7234.76119    78625.6000   127253.2000
    7237.79048    78531.6000   127355.2000
    7240.87807    78526.6000   128104.2000
    7243.99626    78504.6000   128947.2000
    7247.17300    78481.6000   129263.2000
    7250.35263    78471.6000   129521.2000
    7253.59104    78470.6000   129772.2000
    7256.86040    78426.6000   130240.2000
    7260.16082    78242.6000   130458.2000
    7263.52038    78776.6000   131831.2000
    7266.88318    78766.6000   132675.2000
    7270.30534    78747.6000   133405.2000
    7273.75895    78749.6000   133956.2000
    7277.27221    78755.6000   134255.2000
    7280.78901    78750.6000   134453.2000
    7284.36569    77531.6000   132195.2000
    7287.97424    78753.6000   133825.2000
    7291.61474    78709.6000   132785.2000
    7295.28729    78667.6000   132081.2000
    7299.02027    78575.6000   131482.2000
    7302.75723    78494.6000   131412.2000
    7306.55489    78468.6000   131373.2000
    7310.38503    78408.6000   131552.2000
    7314.24778    78328.6000   131459.2000
    7318.17166    78240.6000   131558.2000
    7322.09993    78158.6000   131645.2000
    7326.08960    78037.6000   131721.2000
    7330.11235    77967.6000   131736.2000
    7334.16827    77891.6000   132117.2000
    7338.25747    77859.6000   132974.2000
    7342.38005    77802.6000   133496.2000
    7346.53613    77691.6000   133980.2000
    7350.75453    77739.6000   134664.2000
    7354.97796    77671.6000   134892.2000
    7359.26401    77674.6000   135193.2000
    7363.58406    77784.6000   135118.2000
    7367.93825    77836.6000   134673.2000
    7372.32667    77806.6000   133759.2000
    7376.74945    77774.6000   133130.2000
    7381.23567    77722.6000   132968.2000
    7385.72756    77635.6000   133280.2000
    7390.25417    77564.6000   133368.2000
    7394.84469    77456.6000   133506.2000
    7399.47024    77331.6000   133497.2000
    7404.10181    77057.6000   133335.2000
    7408.79778    73150.6000   126667.2000
    7413.52916    77711.6000   134895.2000
    7418.29608    77586.6000   134985.2000
    7423.09868    77491.6000   135321.2000
    7427.93708    77344.6000   135520.2000
    7432.81142    77247.6000   135654.2000
    7437.72182    77178.6000   136110.2000
    7442.66843    77107.6000   136219.2000
    7447.65138    76986.6000   136325.2000
    7452.67081    76902.6000   136336.2000
    7457.75644    76775.6000   136004.2000
    7462.84928    76707.6000   135717.2000
    7467.97901    76665.6000   135537.2000
    7473.14578    76516.6000   135241.2000
    7478.37950    76495.6000   135213.2000
    7483.62082    76300.6000   135164.2000
    7488.89962    76287.6000   135288.2000
    7494.21604    76160.6000   135392.2000
    7498.34315   114099.4000   202959.8000
    7503.73343   114012.4000   203244.8000
    7509.16177   113873.4000   203470.8000
    7514.62832   113837.4000   203773.8000
    7520.13324   113768.4000   204070.8000
    7525.67667   113654.4000   204314.8000
    7531.25879   113524.4000   204518.8000
    7536.87974   113285.4000   204633.8000
    7542.50940   113185.4000   204917.8000
    7548.20847   113183.4000   205451.8000
    7553.94685   113075.4000   205643.8000
    7559.69429   113016.4000   205841.8000
    7565.51177   113023.4000   205792.8000
    7571.33854   112918.4000   205979.8000
    7577.20520   112922.4000   206358.8000
    7583.11192   112799.4000   206253.8000
    7589.08955   112449.4000   206074.8000
    7595.07696   112045.4000   205457.8000
    7601.07416   111724.4000   205409.8000
    7607.14285   111278.4000   204878.8000
    7613.25248   111402.4000   205596.8000
    7619.37228   111187.4000   205453.8000
    7625.56425   111039.4000   205853.8000
    7631.76666   110889.4000   206159.8000
    7638.01062   110928.4000   207048.8000
    7644.29632   110943.4000   207884.8000
    7650.62394   110754.4000   207983.8000
    7656.99367   108054.4000   203046.8000
    7663.37440   109387.4000   205668.8000
    7669.82887   110129.4000   207310.8000
    7676.29461   109882.4000   207039.8000
    7682.80312   109826.4000   207062.8000
    7689.35459   109838.4000   207458.8000
    7695.94923   109779.4000   207759.8000
    7702.55558   109685.4000   207874.8000
    7709.23708   109348.4000   207455.8000
    7715.93058   108179.4000   205599.8000
    7722.66794   109291.4000   208030.8000
    7729.41749   108984.4000   207996.8000
    7736.24311   108835.4000   208116.8000
    7743.08121   108823.4000   208466.8000
    7749.96388   108862.4000   208698.8000
    7756.89133   108480.4000   208681.8000
    7763.83160   100097.4000   192862.8000
    7770.84918   105565.4000   203828.8000
    7777.87989   106097.4000   205193.8000
    7784.95612   106095.4000   205756.8000
    7792.04568   105958.4000   205837.8000
    7799.18107   105652.4000   205765.8000
    7806.36253   105236.4000   205260.8000
    7813.59026   104824.4000   204988.8000
    7820.86450   104667.4000   204942.8000
    7828.15276   101622.4000   199483.8000
    7835.48785   104564.4000   205514.8000
    7842.83718   104409.4000   205538.8000
    7850.26658   104156.4000   205364.8000
    7857.71055   103916.4000   205364.8000
    7865.16914   103663.4000   205331.8000
    7872.70857   103382.4000   204977.8000
    7880.26296   103159.4000   205113.8000
    7887.83235   102804.4000   204788.8000
    7895.48338   102494.4000   204892.8000
    7903.14976   101935.4000   203937.8000
    7910.86498   101651.4000   203970.8000
    7918.59578   101372.4000   203792.8000
    7926.37578   101297.4000   204198.8000
    7934.17159   101075.4000   204250.8000
    7942.05067   100495.4000   203559.8000
    7949.94593    99716.4000   202259.8000
    7957.85742    98928.4000   201207.8000
    7965.81911    98025.4000   199972.8000
    7973.83126    97354.4000   198829.8000
    7981.86007    96831.4000   198195.8000
    7989.93972    95051.4000   195183.8000
    7998.07048    96374.4000   198244.8000
    8006.21834    96149.4000   198141.8000
    8014.41770    95710.4000   197632.8000
    8022.63443    95033.4000   196755.8000
    8030.90305    94484.4000   195949.8000
    8039.18929    93830.4000   195019.8000
    8047.56247    93521.4000   194972.8000
    8055.91896    93188.4000   194599.8000
    8064.32817    93208.4000   195112.8000
    8072.79037    93222.4000   195521.8000
    8081.27092    93174.4000   195910.8000
    8089.80490    93115.4000   196186.8000
    8098.35748    91806.4000   193944.8000
    8106.96392    93012.4000   196928.8000
    8115.62449    92901.4000   197097.8000
    8124.26884    92934.4000   197647.8000
    8133.00302    92875.4000   197992.8000
    8141.75658    92671.4000   197937.8000
    8150.52960    92448.4000   197830.8000
    8159.35778    92265.4000   198072.8000
    8168.20570    91957.4000   197874.8000
    8177.10923    91166.4000   196540.8000
    8186.06867    90472.4000   195468.8000
    8195.04838    89910.4000   194684.8000
    8204.04842    89681.4000   194602.8000
    8213.10498    89760.4000   194977.8000
    8222.18218    90012.4000   196194.8000
    8231.31637    90147.4000   196904.8000
    8240.47150    89971.4000   196967.8000
    8249.68410    89741.4000   196930.8000
    8258.91795    89468.4000   196754.8000
    8268.17312    89410.4000   197463.8000
    8277.48640    89418.4000   197700.8000
    8286.82132    89483.4000   198216.8000
    8296.21484    89478.4000   198823.8000
    8305.63032    89242.4000   198636.8000
    8315.10490    89024.4000   198619.8000
    8324.60177    88946.4000   199025.8000
    8334.12100    88638.4000   198854.8000
    8343.70000    88033.4000   197855.8000
    8353.30170    87202.4000   196583.8000
    8362.96368    86601.4000   195867.8000
    8372.64869    85864.4000   194753.8000
    8382.35683    84411.4000   191992.8000
    8392.12594    84520.4000   192405.8000
    8401.91852    84038.4000   191624.8000
    8411.77260    83673.4000   191098.8000
    8421.61245    83680.4000   191604.8000
    8431.51416    83809.4000   192329.8000
    8441.47809    83902.4000   193134.8000
    8451.46627    83880.4000   193362.8000
    8461.47881    83697.4000   193614.8000
    8471.55429    83388.4000   193254.8000
    8481.61589    82966.4000   192687.8000
    8491.77949    82281.4000   191663.8000
