  4954.6982      -0.94296115E-03  -0.94447781E-03  -0.17641501E-02    4589.8000
  4954.9493      -0.99213845E-03  -0.99365658E-03   0.41895648E-02    4591.8000
  4955.1983       0.11521981E-02   0.11506785E-02  -0.12883513E-02    4597.8000
  4955.4495      -0.16365459E-02  -0.16380670E-02  -0.43078240E-02    4599.8000
  4955.6986      -0.10029630E-02  -0.10044855E-02   0.14381594E-02    4602.8000
  4955.9499      -0.91689106E-03  -0.91841505E-03   0.46099636E-03    4607.8000
  4956.1991      -0.77223430E-03  -0.77375975E-03   0.33317628E-03    4606.8000
  4956.4484      -0.75079270E-03  -0.75231961E-03   0.14133922E-02    4608.8000
  4956.6998      -0.64534760E-04  -0.66063145E-04   0.18282235E-02    4612.8000
  4956.9492       0.16481814E-03   0.16328830E-03  -0.42822316E-02    4611.8000
  4957.1987      -0.22007258E-02  -0.22022571E-02  -0.85852798E-03    4614.8000
  4957.4482      -0.26354436E-03  -0.26507713E-03   0.51842431E-02    4614.8000
  4957.6998       0.39725371E-03   0.39571947E-03   0.53708780E-03    4617.8000
  4957.9494       0.56601361E-05   0.41244305E-05   0.10691570E-02    4617.8000
  4958.1991       0.93104102E-03   0.92950385E-03   0.51538128E-03    4619.8000
  4958.4488       0.26302606E-03   0.26148743E-03  -0.94989506E-03    4619.8000
  4958.6985       0.45659697E-03   0.45505687E-03   0.96310319E-03    4618.8000
  4958.9483       0.74416349E-03   0.74262193E-03  -0.33981672E-02    4621.8000
  4959.1982      -0.12413651E-02  -0.12429081E-02  -0.29669302E-02    4619.8000
  4959.4481      -0.73864878E-03  -0.74019327E-03   0.41695912E-02    4622.8000
  4959.6981       0.84297167E-03   0.84142572E-03   0.21867437E-02    4622.8000
  4959.9481       0.35470110E-03   0.35315368E-03   0.21885521E-02    4623.8000
  4960.1982       0.19374446E-02   0.19358957E-02   0.63928625E-02    4622.8000
  4960.4483       0.35524107E-02   0.35508603E-02   0.12691523E-03    4623.8000
  4960.6985       0.20009403E-02   0.19993885E-02  -0.93122209E-02    4632.8000
  4960.9487      -0.11074243E-02  -0.11089776E-02  -0.36758351E-02    4625.8000
  4961.1990       0.16114822E-03   0.15959348E-03   0.39085259E-02    4625.8000
  4961.4493       0.84926178E-03   0.84770557E-03   0.38978980E-02    4624.8000
  4961.6997       0.21129035E-02   0.21113459E-02   0.60631952E-03    4624.8000
  4961.9481       0.11516515E-02   0.11500924E-02  -0.68485511E-03    4624.8000
  4962.1986       0.17712704E-02   0.17697098E-02   0.15365649E-02    4623.8000
  4962.4491       0.19215319E-02   0.19199699E-02   0.62919756E-03    4631.8000
  4962.6997       0.20865865E-02   0.20850229E-02   0.61214673E-02    4619.8000
  4962.9483       0.49770621E-02   0.49754971E-02   0.36640608E-02    4626.8000
  4963.1989       0.39158687E-02   0.39143022E-02  -0.13972588E-02    4624.8000
  4963.4497       0.42764207E-02   0.42748528E-02   0.15903409E-02    4623.8000
  4963.6984       0.47101962E-02   0.47086268E-02   0.27755145E-02    4622.8000
  4963.9493       0.56629844E-02   0.56614135E-02  -0.14518403E-02    4621.8000
  4964.1981       0.39847697E-02   0.39831974E-02   0.18637042E-02    4621.8000
  4964.4490       0.65944078E-02   0.65928340E-02   0.51020655E-02    4619.8000
  4964.7000       0.65458534E-02   0.65442781E-02  -0.10561131E-02    4620.8000
  4964.9490       0.60663724E-02   0.60647956E-02   0.99461516E-03    4616.8000
  4965.1980       0.70411617E-02   0.70395835E-02   0.54288785E-02    4619.8000
  4965.4492       0.87818429E-02   0.87802632E-02   0.33174263E-02    4617.8000
  4965.6983       0.87008368E-02   0.86992557E-02   0.24504794E-02    4620.8000
  4965.9496       0.10008038E-01   0.10006456E-01   0.47318450E-02    4616.8000
  4966.1988       0.11069125E-01   0.11067541E-01   0.70702374E-02    4615.8000
  4966.4481       0.13532622E-01   0.13531036E-01   0.75491768E-02    4622.8000
  4966.6995       0.14849073E-01   0.14847486E-01   0.61389405E-02    4615.8000
  4966.9489       0.16607064E-01   0.16605476E-01   0.12197984E-01    4616.8000
  4967.1983       0.20933549E-01   0.20931959E-01   0.27767673E-01    4620.8000
  4967.4499       0.30519223E-01   0.30517631E-01   0.31031735E-01    4613.8000
  4967.6995       0.36484171E-01   0.36482578E-01   0.26967832E-01    4622.8000
  4967.9491       0.43979406E-01   0.43977812E-01   0.18663084E-01    4615.8000
  4968.1987       0.45801342E-01   0.45799746E-01   0.11247932E-01    4613.8000
  4968.4484       0.49595835E-01   0.49594238E-01   0.18139900E-01    4615.8000
  4968.6981       0.54861133E-01   0.54859534E-01   0.24945535E-01    4614.8000
  4968.9500       0.62109512E-01   0.62107912E-01   0.53334317E-01    4614.8000
  4969.1999       0.81621091E-01   0.81619489E-01   0.94955033E-01    4614.8000
  4969.4498       0.10956234       0.10956073       0.11134601        4616.8000
  4969.6997       0.13727627       0.13727467       0.96985566E-01    4614.8000
  4969.9497       0.15805027       0.15804866       0.61059070E-01    4613.8000
  4970.1998       0.16780947       0.16780786       0.21372012E-01    4610.8000
  4970.4499       0.16873969       0.16873808      -0.16080986E-01    4614.8000
  4970.7000       0.15976496       0.15976335      -0.39020576E-01    4622.8000
  4970.9481       0.14929730       0.14929569      -0.37601551E-01    4615.8000
  4971.1984       0.14102547       0.14102386      -0.17777739E-01    4619.8000
  4971.4487       0.14039830       0.14039668       0.61012616E-02    4636.8000
  4971.6991       0.14408019       0.14407858       0.31271816E-01    4631.8000
  4971.9495       0.15605829       0.15605667       0.52840899E-01    4617.8000
  4972.1999       0.17054661       0.17054499       0.54293081E-01    4619.8000
  4972.4483       0.18314347       0.18314185       0.47453803E-01    4620.8000
  4972.6989       0.19422511       0.19422349       0.34086639E-01    4647.8000
  4972.9495       0.20022735       0.20022573       0.14292562E-01    4616.8000
  4973.1981       0.20135967       0.20135804       0.13087447E-02    4616.8000
  4973.4488       0.20088078       0.20087916      -0.31333118E-02    4619.8000
  4973.6996       0.19978834       0.19978672      -0.13762446E-01    4614.8000
  4973.9483       0.19400658       0.19400495      -0.19640238E-01    4607.8000
  4974.1992       0.18997608       0.18997445      -0.23119762E-01    4605.8000
  4974.4480       0.18245387       0.18245223      -0.26518244E-01    4601.8000
  4974.6990       0.17672253       0.17672090      -0.25345851E-01    4593.8000
  4974.9500       0.16973000       0.16972836      -0.22085208E-01    4583.8000
  4975.1990       0.16567993       0.16567829      -0.25438197E-01    4573.8000
  4975.4480       0.15706203       0.15706039      -0.27463115E-01    4553.8000
  4975.6992       0.15194260       0.15194096      -0.21943582E-01    4534.8000
  4975.9483       0.14608344       0.14608180      -0.14435742E-01    4492.8000
  4976.1996       0.14471881       0.14471717      -0.52024831E-02    4436.8000
  4976.4488       0.14347954       0.14347790      -0.33750101E-02    4305.8000
  4976.6981       0.14303637       0.14303473      -0.37124707E-01    3891.8000
  4976.9495       0.12489046       0.12488881      -0.12372835E-01    2104.8000
  4977.1989       0.13683981       0.13683816       0.85353735E-01    2878.8000
  4977.4483       0.16746575       0.16746410       0.96531890E-01    4742.8000
  4977.6999       0.18520421       0.18520256       0.61295766E-01    5036.8000
  4977.9495       0.19818290       0.19818125       0.63526812E-01    4965.8000
  4978.1991       0.21691171       0.21691006       0.77773756E-01    4923.8000
  4978.4487       0.23700833       0.23700668       0.84392643E-01    4892.8000
  4978.6984       0.25905064       0.25904899       0.95760413E-01    4869.8000
  4978.9481       0.28483299       0.28483134       0.11251559        4857.8000
  4979.2000       0.31549183       0.31549017       0.12113758        4844.8000
  4979.4498       0.34561256       0.34561089       0.14497723        4839.8000
  4979.6997       0.38794130       0.38793963       0.17603298        4834.8000
  4979.9497       0.43359911       0.43359745       0.18908392        4825.8000
  4980.1997       0.48247001       0.48246835       0.22067085        4820.8000
  4980.4497       0.54394115       0.54393948       0.26913436        4821.8000
  4980.6998       0.61707217       0.61707050       0.28419021        4817.8000
  4980.9499       0.68610160       0.68609993       0.28906364        4815.8000
  4981.1980       0.76108664       0.90152122       0.30888310        4832.8000
  4981.4483       0.84036065        1.7749646       0.31448625        4834.8000
  4981.6985       0.91917206        1.7538322       0.30389412        4819.8000
  4981.9489       0.99317425        1.7330634       0.28897577        4820.8000
  4982.1993        1.0645454        1.7126568       0.27884541        4820.8000
  4982.4497        1.1335024        1.6926079       0.25663871        4821.8000
  4982.6981        1.1932324        1.6730797       0.23232052        4825.8000
  4982.9487        1.2500816        1.6537358       0.19229538        4816.8000
  4983.1993        1.2902712        1.6347414       0.11521843        4823.8000
  4983.4499        1.3085043        1.6160936       0.52084568E-01    4823.8000
  4983.6985        1.3169391        1.5979434       0.77037321E-02    4824.8000
  4983.9492        1.3130168        1.5799760      -0.30177421E-01    4824.8000
  4984.2000        1.3024715        1.5623469      -0.67761087E-01    4826.8000
  4984.4488        1.2798331        1.5451971      -0.87483091E-01    4827.8000
  4984.6997        1.2594269        1.5282313      -0.99860670E-01    4829.8000
  4984.9485        1.2305938        1.5117333      -0.11113546        4828.8000
  4985.1995        1.2045406        1.4954181      -0.11372729        4833.8000
  4985.4484        1.1744003        1.4795598      -0.10592634        4835.8000
  4985.6995        1.1522371        1.4638846      -0.85836865E-01    4838.8000
  4985.9486        1.1321331        1.4486543      -0.79193399E-01    4839.8000
  4986.1998        1.1132834        1.4336058      -0.74200247E-01    4842.8000
  4986.4489        1.0956693        1.4189914      -0.57886701E-01    4843.8000
  4986.6981        1.0850956        1.4046786      -0.40448256E-01    4846.8000
  4986.9495        1.0760836        1.3905471      -0.34945636E-01    4845.8000
  4987.1987        1.0682607        1.3768330      -0.30122153E-01    4848.8000
  4987.4481        1.0617214        1.3634121      -0.23635372E-01    4852.8000
  4987.6996        1.0570825        1.3501705      -0.15214518E-01    4850.8000
  4987.9490        1.0547587        1.3373292      -0.15179537E-01    4850.8000
  4988.1985        1.0501649        1.3247726      -0.16256292E-01    4857.8000
  4988.4480        1.0473019        1.3124973      -0.19001120E-01    4858.8000
  4988.6997        1.0412983        1.3003986      -0.23041057E-01    4862.8000
  4988.9494        1.0364074        1.2886787      -0.25334593E-01    4864.8000
  4989.1991        1.0293022        1.2772316      -0.31663595E-01    4866.8000
  4989.4488        1.0212478        1.2660538      -0.25944947E-01    4868.8000
  4989.6986        1.0169954        1.2551418      -0.15945525E-01    4872.8000
  4989.9484        1.0139339        1.2444934      -0.11379566E-01    4873.8000
  4990.1983        1.0119611        1.2341048      -0.29699702E-02    4876.8000
  4990.4483        1.0131013        1.2239735       0.34683809E-02    4876.8000
  4990.6982        1.0143465        1.2140967       0.83924997E-02    4879.8000
  4990.9483        1.0179487        1.2044707       0.21005432E-01    4880.8000
  4991.1983        1.0255023        1.1950931       0.27987301E-01    4882.8000
  4991.4485        1.0325987        1.1859603       0.34190517E-01    4883.8000
  4991.6987        1.0432586        1.1770695       0.47557930E-01    4889.8000
  4991.9489        1.0570474        1.1684176       0.57109471E-01    4892.8000
  4992.1992        1.0724919        1.1600021       0.60201583E-01    4895.8000
  4992.4495        1.0878340        1.1518191       0.61377060E-01    4897.8000
  4992.6999        1.1038733        1.1438659       0.69575975E-01    4900.8000
  4992.9482        1.1231757        1.1362046       0.72963107E-01    4902.8000
  4993.1987        1.1409109        1.1287000       0.70399897E-01    4902.8000
  4993.4492        1.1590941        1.1214164       0.76691956E-01    4905.8000
  4993.6998        1.1799891        1.1143500       0.74723938E-01    4909.8000
  4993.9483        1.1970312        1.1075558       0.72133479E-01    4908.8000
  4994.1990        1.2166400        1.1009136       0.65815481E-01    4909.8000
  4994.4498        1.2306780        1.0944799       0.52886887E-01    4912.8000
  4994.6984        1.2436930        1.0883036       0.52216779E-01    4917.8000
  4994.9493        1.2574012        1.0822756       0.42047260E-01    4918.8000
  4995.1980        1.2653399        1.0764959       0.35754161E-01    4919.8000
  4995.4489        1.2759073        1.0708614       0.26275518E-01    4924.8000
  4995.6999        1.2791712        1.0654198       0.15732670E-01    4926.8000
  4995.9488        1.2844115        1.0602121       0.16262492E-01    4931.8000
  4996.1999        1.2879415        1.0551456       0.13613901E-02    4932.8000
  4996.4489        1.2857311        1.0503038      -0.85673995E-02    4933.8000
  4996.6980        1.2843102        1.0456393      -0.54590951E-02    4937.8000
  4996.9492        1.2836379        1.0411114      -0.14013565E-01    4937.8000
  4997.1983        1.2779355        1.0367943      -0.19294875E-01    4942.8000
  4997.4497        1.2746180        1.0326104      -0.17495480E-01    4943.8000
  4997.6989        1.2698141        1.0286283      -0.21044037E-01    4949.8000
  4997.9482        1.2647604        1.0248085      -0.19476986E-01    4950.8000
  4998.1997        1.2606961        1.0211169      -0.16724179E-01    4950.8000
  4998.4491        1.2570187        1.0176135      -0.23599574E-01    4953.8000
  4998.6986        1.2495558        1.0142631      -0.22965330E-01    4955.8000
  4998.9480        1.2461923        1.0110627      -0.18083656E-01    4960.8000
  4999.1997        1.2411267        1.0079834      -0.21365250E-01    4963.8000
  4999.4493        1.2361157        1.0050747      -0.22543065E-01    4965.8000
  4999.6990        1.2305027        1.0023067      -0.17917099E-01    4967.8000
  4999.9487        1.2277991       0.99967626      -0.21126478E-01    4968.8000
  5000.1984        1.2205810       0.99718029      -0.22722580E-01    4971.8000
  5000.4482        1.2170776       0.99481569      -0.24066822E-01    4974.8000
  5000.6980        1.2091851       0.99257936      -0.23676153E-01    4975.8000
  5000.9501        1.2058259       0.99045058      -0.23429360E-01    4978.8000
  5001.2000        1.1980546       0.98846253      -0.31087137E-01    4983.8000
  5001.4500        1.1909119       0.98659342      -0.28241690E-01    4984.8000
  5001.7000        1.1845598       0.98484012      -0.28666737E-01    4987.8000
  5001.9480        1.1772605       0.98321322      -0.36908669E-01    4988.8000
  5002.1981        1.1668000       0.98168128      -0.40237928E-01    4990.8000
  5002.4483        1.1577542       0.98025588      -0.35803862E-01    4987.8000
  5002.6985        1.1495082       0.97893378      -0.44046819E-01    4997.8000
  5002.9488        1.1363322       0.97771191      -0.38453465E-01    4997.8000
  5003.1992        1.1308819       0.97658717      -0.28483882E-01    5001.8000
  5003.4495        1.1226936       0.97555635      -0.32205991E-01    5004.8000
  5003.7000        1.1153759       0.97461637      -0.33244903E-01    5006.8000
  5003.9483        1.1067327       0.97377100      -0.41231718E-01    5008.8000
  5004.1988        1.0954269       0.97300248      -0.37215195E-01    5013.8000
  5004.4494        1.0887055       0.97231532      -0.28747907E-01    5014.8000
  5004.7001        1.0816396       0.97170641      -0.32043631E-01    5019.8000
  5004.9486        1.0733294       0.97117685      -0.36884229E-01    5021.8000
  5005.1993        1.0638429       0.97071428      -0.34331298E-01    5021.8000
  5005.4479        1.0568034       0.97032359      -0.23986874E-01    5019.8000
  5005.6988        1.0524798       0.96999482      -0.22650103E-01    5027.8000
  5005.9496        1.0460591       0.96972850      -0.28109499E-01    5028.8000
  5006.1984        1.0390513       0.96952296      -0.28398006E-01    5034.8000
  5006.4494        1.0324831       0.96937148      -0.27904095E-01    5035.8000
  5006.6983        1.0257189       0.96927355      -0.29384899E-01    5037.8000
  5006.9493        1.0184072       0.96922429      -0.23938044E-01    5039.8000
  5007.1983        1.0143635       0.96922141      -0.16165252E-01    5041.8000
  5007.4495        1.0109364       0.96926168      -0.20819917E-01    5043.8000
  5007.6985        1.0045623       0.96934127      -0.26763573E-01    5048.8000
  5007.9498       0.99815881       0.96945838      -0.19770966E-01    5049.8000
  5008.1990       0.99528091       0.96960783      -0.14900532E-01    5054.8000
  5008.4482       0.99134257       0.96978735      -0.21163723E-01    5055.8000
  5008.6996       0.98529746       0.96999572      -0.16893322E-01    5059.8000
  5008.9489       0.98349493       0.97022616      -0.16016332E-01    5061.8000
  5009.1983       0.97791902       0.97047722      -0.17094845E-01    5063.8000
  5009.4499       0.97554223       0.97074816      -0.17254857E-01    5066.8000
  5009.6993       0.96988400       0.97103113      -0.21886146E-01    5072.8000
  5009.9488       0.96522902       0.97132523      -0.13793552E-01    5073.8000
  5010.1984       0.96360685       0.97162733      -0.23898827E-01    5080.8000
  5010.4480       0.95390590       0.97193424      -0.28931099E-01    5080.8000
  5010.6998       0.94970863       0.97224547      -0.25110950E-01    5084.8000
  5010.9495       0.94191999       0.97255281      -0.21988169E-01    5085.8000
  5011.1993       0.93933132       0.97285806      -0.17276151E-01    5090.8000
  5011.4491       0.93389430       0.97316123      -0.22452174E-01    5091.8000
  5011.6989       0.92871732       0.97346234      -0.16109768E-01    5098.8000
  5011.9488       0.92644702       0.97376141      -0.21320007E-01    5101.8000
  5012.1987       0.91866366       0.97405842      -0.23660121E-01    5104.8000
  5012.4487       0.91522107       0.97435337      -0.11556249E-01    5103.8000
  5012.6988       0.91348731       0.97464629      -0.16652709E-01    5107.8000
  5012.9489       0.90749418       0.97493717      -0.18887061E-01    5112.8000
  5013.1990       0.90464079       0.97522602      -0.16307317E-01    5116.8000
  5013.4492       0.89993590       0.97551286      -0.18273492E-01    5117.8000
  5013.6995       0.89609648       0.97579766      -0.10724745E-01    5121.8000
  5013.9497       0.89516787       0.97608046      -0.87197918E-02    5122.8000
  5014.2001       0.89233075       0.97636124      -0.81962446E-02    5129.8000
  5015.8383       0.88194275       0.97814824      -0.34394967E-02    9436.3632
