  5017.2473       0.88547520       0.97961619       0.38587651E-02    9585.2832
  5018.6753       0.89624556       0.98104018       0.61255665E-02    9734.2032
  5020.1223       0.90646895       0.98241897       0.49285292E-02    9890.1232
  5021.5886       0.91401220       0.98375143       0.37495453E-02    10053.043
  5023.0740       0.92097014       0.98503644       0.47532251E-02    10212.963
  5024.5765       0.93167073       0.98627123       0.59653381E-02    10380.883
  5026.1006       0.94250488       0.98745842       0.46807603E-02    10555.803
  5027.6418       0.94952245       0.98859372       0.15013344E-02    10733.723
  5029.2047       0.95069200       0.98967953      -0.50283224E-03    10916.643
  5030.7849       0.95149104       0.99071209      -0.62673609E-03    11102.563
  5032.3825       0.95226605       0.99169101       0.17217712E-02    11291.483
  5034.0019       0.96061664       0.99261842       0.51004485E-02    11483.403
  5035.6389       0.97248202       0.99349134       0.78977230E-02    11680.323
  5037.2956       0.99025325       0.99431070       0.94166670E-02    11887.243
  5038.9700        1.0074902       0.99507527       0.47591570E-02    12089.163
  5040.6665        1.0099542       0.99578690      -0.21970274E-02    12291.083
  5042.3786        1.0036750       0.99644288      -0.71233997E-02    12490.003
  5044.1106       0.98910567       0.99704519      -0.82574275E-02    12683.923
  5045.8628       0.97860496       0.99759402      -0.44023176E-02    12880.843
  5047.6353       0.97730550       0.99808967       0.24455062E-02    13002.763
  5049.4234       0.99103840       0.99853153       0.78014710E-02    13225.683
  5051.2320        1.0091001       0.99892149       0.91836076E-02    13490.603
  5053.0609        1.0281910       0.99926025       0.82797047E-02    13680.523
  5054.9081        1.0432943       0.99954832       0.67272343E-02    13873.443
  5056.7735        1.0569306       0.99978690       0.38511143E-02    14063.363
  5058.6596        1.0615138       0.99997749      -0.42209298E-03    14258.283
  5060.5619        1.0591084        1.0001211      -0.44064709E-02    14454.203
  5062.4849        1.0484387        1.0002197      -0.64801267E-02    14654.123
  5064.4288        1.0378391        1.0002750      -0.60232827E-02    14855.043
  5066.3890        1.0287141        1.0002887      -0.37590712E-02    15122.963
  5068.3703        1.0268154        1.0002630      -0.15305273E-02    15349.883
  5070.3681        1.0264177        1.0002002      -0.97028303E-03    15575.803
  5072.3870        1.0267115        1.0001028      -0.83216489E-03    15801.723
  5074.4249        1.0268363       0.99997330      -0.29057578E-02    16032.643
  5076.4818        1.0186057       0.99981468      -0.51282412E-02    16263.563
  5078.5578        1.0094316       0.99962996      -0.67315709E-02    16484.483
  5080.6507       0.99432656       0.99942264      -0.81121820E-02    16711.403
  5082.7651       0.97908059       0.99919571      -0.58570878E-02    16942.323
  5084.8988       0.97322044       0.99895307      -0.25305209E-02    17179.243
  5087.0497       0.97200543       0.99869889      -0.11368113E-02    17414.163
  5089.2200       0.97206557       0.99843703      -0.63693756E-03    17660.083
  5091.4098       0.97297718       0.99817185      -0.78304850E-03    17904.003
  5093.6193       0.97236003       0.99790793      -0.74837665E-03    18155.923
  5095.8462       0.97338397       0.99765038      -0.20144256E-03    18414.843
  5098.0952       0.97517365       0.99740375      -0.13571525E-03    18646.763
  5100.3593       0.97647221       0.99717404      -0.42035741E-03    18893.683
  5102.6458       0.97694592       0.99696356      -0.20933198E-03    19153.603
  5104.9500       0.97918172       0.99677290       0.39686692E-03    19417.523
  5107.2719       0.98243286       0.99660198       0.39136457E-03    19667.443
  5109.6140       0.98463936       0.99645055       0.42103080E-03    19928.363
  5111.9763       0.98802792       0.99631856       0.46633470E-03    20181.283
  5114.3567       0.99044454       0.99620601       0.24591856E-03    20433.203
  5116.7551       0.99277289       0.99611273       0.61458401E-04    20709.123
  5119.1741       0.99428732       0.99603847       0.25300848E-03    20971.043
  5121.6112       0.99752406       0.99598311       0.19557459E-03    21226.963
  5124.0691       0.99874185       0.99594638      -0.27760481E-03    21481.883
  5126.5429       0.99962405       0.99592809      -0.15005272E-03    21745.803
  5129.0376        1.0014361       0.99592791      -0.29206673E-03    22008.723
  5131.5532        1.0015733       0.99594557      -0.44157020E-03    22254.643
  5134.0851        1.0025882       0.99598068      -0.29751033E-03    22498.563
  5136.6380        1.0034086       0.99603294      -0.74983842E-03    22744.483
  5139.2074        1.0020615       0.99610184      -0.77765614E-03    23003.403
  5141.7980        1.0026750       0.99618708      -0.37377970E-03    23285.323
  5144.4075        1.0033619       0.99628813       0.25365779E-03    23563.243
  5147.0337        1.0072080       0.99640437       0.64240493E-03    23824.163
  5149.6813        1.0099160       0.99653551      -0.34249362E-03    24116.083
  5152.3482        1.0085153       0.99668086      -0.12252286E-02    24405.003
  5155.0319        1.0064449       0.99683969      -0.10365864E-02    24701.923
  5157.7374        1.0059708       0.99701164      -0.32667685E-03    25001.843
  5160.4599        1.0076697       0.99719575      -0.11170866E-03    25319.763
  5163.2019        1.0083117       0.99739146      -0.87547872E-03    25631.683
  5165.9635        1.0057561       0.99759803      -0.17087157E-02    25958.603
  5168.7448        1.0016973       0.99781468      -0.20877216E-02    26275.523
  5171.5434       0.99691314       0.99804040      -0.17069398E-02    26621.443
  5174.3618       0.99486371       0.99827450      -0.12933317E-02    26931.363
  5177.2002       0.99229929       0.99851609      -0.10466624E-02    27265.283
  5180.0561       0.99155139       0.99876402      -0.38269572E-03    27609.203
  5182.9321       0.99269740       0.99901750      -0.72140321E-04    27929.123
  5185.8259       0.99366950       0.99927530      -0.53636056E-04    28239.043
  5188.7399       0.99486147       0.99953654      -0.22512854E-03    28532.963
  5191.6742       0.99476927       0.99980012      -0.36404812E-03    28888.883
  5194.6265       0.99507318        1.0000647      -0.16532624E-03    29232.803
  5197.5968       0.99608076        1.0003289      -0.21659812E-03    29589.723
  5200.5853       0.99600773        1.0005917      -0.70609770E-04    29936.643
  5203.5944       0.99781650        1.0008518       0.14199533E-03    30282.563
  5206.6243       0.99895782        1.0011080      -0.76313311E-04    30603.483
  5209.6700       0.99937557        1.0013584      -0.12282275E-03    30949.403
  5212.7367        1.0001584        1.0016019      -0.24534942E-03    31264.323
  5215.8219       0.99974553        1.0018369      -0.21713996E-04    31630.243
  5218.9257        1.0018290        1.0020619       0.48236258E-03    32012.163
  5222.0481        1.0044779        1.0022751       0.42704888E-03    32366.083
  5225.1919        1.0061573        1.0024752       0.40831876E-04    32747.003
  5228.3519        1.0063087        1.0026600      -0.47706933E-03    33138.923
  5231.5334        1.0046248        1.0028281      -0.75533624E-03    33541.843
  5234.7339        1.0028994        1.0029776      -0.92053111E-03    33947.763
  5237.9509        1.0000442        1.0031064      -0.85951975E-03    34322.683
  5241.1896       0.99859216        1.0032128      -0.60549826E-03    34681.603
  5244.4451       0.99726667        1.0032947      -0.67052088E-04    35065.523
  5247.7223       0.99922012        1.0033501       0.25209367E-03    35427.443
  5251.0165       0.99989901        1.0033774       0.18439315E-03    35788.363
  5254.3301        1.0013219        1.0033765       0.45729408E-03    36176.283
  5257.6632        1.0037283        1.0033474       0.45050776E-03    36558.203
  5261.0160        1.0050284        1.0032904       0.28181176E-03    36946.123
  5264.3860        1.0062200        1.0032055       0.31853766E-03    37325.043
  5267.7757        1.0076798        1.0030927       0.18869937E-03    37705.963
  5271.1854        1.0079006        1.0029523      -0.42724871E-04    38123.883
  5274.6124        1.0076829        1.0027844      -0.10695613E-03    38539.803
  5278.0594        1.0073564        1.0025892      -0.17641465E-03    38995.723
  5281.5266        1.0065483        1.0023667      -0.32527928E-03    39457.643
  5285.0114        1.0050727        1.0021175      -0.47276736E-03    39964.563
  5288.5165        1.0031118        1.0018414      -0.39532045E-03    40432.483
  5292.0393        1.0020512        1.0015391      -0.30108136E-03    40903.403
  5295.5826        1.0006281        1.0012104      -0.26372829E-03    41366.323
  5299.1438       0.99970646        1.0008559      -0.20674513E-03    41840.243
  5302.7229       0.99856425        1.0004760      -0.15975248E-03    42273.163
  5306.3228       0.99785345        1.0000707      -0.20296443E-03    42721.083
  5309.9407       0.99627275       0.99964063      -0.17688061E-03    43172.003
  5313.5796       0.99562099       0.99918579      -0.21980633E-04    43556.923
  5317.2367       0.99503929       0.99870692       0.30187259E-04    43979.843
  5320.9122       0.99464351       0.99820443       0.25529322E-03    44446.763
  5324.6061       0.99559424       0.99767876       0.37564128E-03    44929.683
  5328.3211       0.99597022       0.99712996       0.33049348E-03    45367.603
  5332.0548       0.99646763       0.99655888       0.40275046E-03    45766.523
  5335.8044       0.99726304       0.99596645       0.39233113E-03    46195.443
  5339.5755       0.99756190       0.99535234       0.26103758E-03    46680.363
  5343.3653       0.99724255       0.99471752       0.21383468E-03    47210.283
  5347.1767       0.99705316       0.99406207       0.16863416E-03    47744.203
  5351.0044       0.99625541       0.99338751       0.14839915E-03    48286.123
  5354.8512       0.99577430       0.99269400       0.17503905E-03    48756.043
  5358.7170       0.99504251       0.99198215       0.13710075E-03    49258.963
  5362.6019       0.99412685       0.99125264       0.12777109E-04    49782.883
  5366.5062       0.99228270       0.99050613      -0.25274925E-03    50309.803
  5370.4298       0.98913772       0.98974334      -0.12265559E-03    50846.723
  5374.3727       0.98815376       0.98896499       0.93906559E-04    51449.643
  5378.3352       0.98656049       0.98817185      -0.59893855E-05    52005.563
  5382.3144       0.98463019       0.98736525       0.14416268E-03    52566.483
  5386.3133       0.98407617       0.98654546       0.31535857E-03    53152.403
  5390.3346       0.98336180       0.98571274       0.35148253E-03    53708.323
  5394.3701       0.98294777       0.98486967       0.31468346E-03    54383.243
  5398.4283       0.98178365       0.98401542       0.37161079E-03    55074.163
  5402.5036       0.98167686       0.98315208       0.44491177E-03    55701.083
  5406.5989       0.98095637       0.98228002       0.47020764E-03    56340.003
  5410.7115       0.98090263       0.98140080       0.52257465E-03    56956.923
  5414.8442       0.98045816       0.98051484       0.48224659E-03    57580.843
  5418.9971       0.97991416       0.97962319       0.49911468E-03    58212.763
  5423.1675       0.97945052       0.97872751       0.50961921E-03    58847.683
  5427.3582       0.97883323       0.97782829       0.51054539E-03    59435.603
  5431.5665       0.97821455       0.97692729       0.46341353E-03    59968.523
  5435.7953       0.97703460       0.97602504       0.47353356E-03    60489.443
  5440.0419       0.97633274       0.97512335       0.62605218E-03    61124.363
  5444.3091       0.97628046       0.97422285       0.66879678E-03    61723.283
  5448.5942       0.97577703       0.97332539       0.69822933E-03    62257.203
  5452.9000       0.97580983       0.97243166       0.81862342E-03    62849.123
  5457.2239       0.97617653       0.97617207       0.12000285E-02    63498.043
  5461.5658       0.97934800       0.97934352       0.17911321E-02    64272.963
  5465.9258       0.98470368       0.98469916       0.27964008E-02    64924.883
  5470.3070       0.99652964       0.99652510       0.47663555E-02    65587.803
  5474.7063        1.0190872        1.0190826       0.59877254E-02    66219.723
