# data from ifeffit
#------------------------
#   r         chir_mag    chir_mag    chir_mag
  0.0000000       0.38287376E-01   0.29560597E-01   0.87267794E-02
  0.30679616E-01   0.39077787E-01   0.27537541E-01   0.14894889E-01
  0.61359232E-01   0.41738465E-01   0.22266841E-01   0.24191187E-01
  0.92038847E-01   0.46400073E-01   0.16828424E-01   0.31325879E-01
  0.12271846       0.51983506E-01   0.17279778E-01   0.34726580E-01
  0.15339808       0.56348874E-01   0.23996210E-01   0.33751704E-01
  0.18407769       0.57237290E-01   0.31097440E-01   0.28460139E-01
  0.21475731       0.53141896E-01   0.34999203E-01   0.19687899E-01
  0.24543693       0.44092790E-01   0.34080645E-01   0.10016265E-01
  0.27611654       0.33160611E-01   0.28053670E-01   0.10868586E-01
  0.30679616       0.29790477E-01   0.18288557E-01   0.21402400E-01
  0.33747577       0.40942312E-01   0.11710203E-01   0.31045613E-01
  0.36815539       0.57427449E-01   0.20473854E-01   0.37111616E-01
  0.39883500       0.70856231E-01   0.33545456E-01   0.38364552E-01
  0.42951462       0.76746281E-01   0.43688406E-01   0.34367965E-01
  0.46019424       0.72767383E-01   0.48079280E-01   0.25516577E-01
  0.49087385       0.58600740E-01   0.45287827E-01   0.13342942E-01
  0.52155347       0.36781684E-01   0.35170316E-01   0.74542324E-02
  0.55223308       0.21108845E-01   0.19205143E-01   0.20158979E-01
  0.58291270       0.40422984E-01   0.85557614E-02   0.33073053E-01
  0.61359232       0.68533958E-01   0.26713555E-01   0.42110189E-01
  0.64427193       0.90592341E-01   0.45912806E-01   0.45498155E-01
  0.67495155       0.10112512       0.59643196E-01   0.42374426E-01
  0.70563116       0.97197485E-01   0.64946365E-01   0.32850861E-01
  0.73631078       0.78272481E-01   0.60243882E-01   0.18129370E-01
  0.76699039       0.46675870E-01   0.45547131E-01   0.46199189E-02
  0.79767001       0.15231984E-01   0.22669923E-01   0.20697054E-01
  0.82834963       0.45594071E-01   0.81056693E-02   0.37793683E-01
  0.85902924       0.86079639E-01   0.36120228E-01   0.50323337E-01
  0.88970886       0.11698590       0.61708844E-01   0.55971034E-01
  0.92038847       0.13193690       0.79253399E-01   0.53424717E-01
  0.95106809       0.12723923       0.85253327E-01   0.42556394E-01
  0.98174770       0.10220711       0.77913006E-01   0.24523984E-01
  1.0124273       0.59557732E-01   0.57509123E-01   0.28407473E-02
  1.0431069       0.11046071E-01   0.26523865E-01   0.23388110E-01
  1.0737866       0.57500517E-01   0.11489150E-01   0.46012687E-01
  1.1044662       0.11192530       0.49262148E-01   0.63069457E-01
  1.1351458       0.15271556       0.81868035E-01   0.71504908E-01
  1.1658254       0.17206729       0.10339192       0.69403550E-01
  1.1965050       0.16528546       0.10959528       0.56333912E-01
  1.2271846       0.13157165       0.98469244E-01   0.33517790E-01
  1.2578642       0.74459917E-01   0.70695376E-01   0.37805502E-02
  1.2885439       0.71833116E-02   0.29719315E-01   0.28851436E-01
  1.3192235       0.78229129E-01   0.18822280E-01   0.59472013E-01
  1.3499031       0.14999229       0.67249765E-01   0.83193010E-01
  1.3805827       0.20299025       0.10791543       0.95764767E-01
  1.4112623       0.22719037       0.13368869       0.94301909E-01
  1.4419419       0.21648797       0.13943552       0.77832412E-01
  1.4726216       0.16991466       0.12294198       0.47608312E-01
  1.5033012       0.92194535E-01   0.85456132E-01   0.72359879E-02
  1.5339808       0.81673943E-02   0.31707329E-01   0.38443529E-01
  1.5646604       0.11269270       0.30655973E-01   0.82201099E-01
  1.5953400       0.20883277       0.92059115E-01   0.11729084
  1.6260196       0.27906681       0.14250485       0.13734087
  1.6566993       0.30980586       0.17309964       0.13763500
  1.6873789       0.29260557       0.17757976       0.11597462
  1.7180585       0.22591563       0.15348900       0.73275012E-01
  1.7487381       0.11592455       0.10282265       0.14055341E-01
  1.7794177       0.23911244E-01   0.31999909E-01   0.55724000E-01
  1.8100973       0.17351242       0.48877265E-01   0.12488703
  1.8407769       0.31007845       0.12739089       0.18330442
  1.8714566       0.41004833       0.19065312       0.22030778
  1.9021362       0.45322990       0.22733146       0.22698657
  1.9328158       0.42611289       0.22957249       0.19765463
  1.9634954       0.32460383       0.19450123       0.13110212
  1.9941750       0.15565462       0.12503452       0.31668026E-01
  2.0248546       0.62545004E-01   0.29839770E-01   0.92349951E-01
  2.0555343       0.30185981       0.77661474E-01   0.22454599
  2.0862139       0.52711826       0.18097439       0.34689636
  2.1168935       0.70005003       0.26303160       0.43809314
  2.1475731       0.78405132       0.30877561       0.47652302
  2.1782527       0.74905355       0.30771735       0.44257163
  2.2089323       0.57589779       0.25595760       0.32098443
  2.2396120       0.25961290       0.15734647       0.10309338
  2.2702916       0.18888255       0.23558193E-01   0.21243566
  2.3009712       0.74294453       0.12715895       0.61625806
  2.3316508        1.3622960       0.27197295        1.0912419
  2.3623304        1.9968547       0.38686008        1.6112356
  2.3930100        2.5918811       0.45001474        2.1432372
  2.4236896        3.0938502       0.44543557        2.6496926
  2.4543693        3.4563420       0.36593339        3.0913797
  2.4850489        3.6452369       0.21513150        3.4306029
  2.5157285        3.6425743       0.81969931E-02    3.6344094
  2.5464081        3.4485967       0.22957816        3.6775357
  2.5770877        3.0817244       0.46418623        3.5448110
  2.6077673        2.5764642       0.65770396        3.2327883
  2.6384470        1.9795110       0.77236047        2.7504446
  2.6691266        1.3445265       0.77557134        2.1188701
  2.6998062       0.72623505       0.64453406        1.3699600
  2.7304858       0.17456139       0.36988134       0.54422759
  2.7611654       0.27052591       0.42156925E-01   0.31246083
  2.7918450       0.58273721       0.56924966        1.1511388
  2.8225246       0.75160407        1.1747584        1.9250955
  2.8532043       0.78253790        1.8108894        2.5919679
  2.8838839       0.69509958        2.4236279        3.1173292
  2.9145635       0.51967971        2.9584536        3.4770369
  2.9452431       0.29309297        3.3662981        3.6587827
  2.9759227       0.53704852E-01    3.6090037        3.6626682
  3.0066023       0.16343875        3.6636168        3.5007714
  3.0372820       0.33030478        3.5249847        3.1957596
  3.0679616       0.42903378        3.2063357        2.7786875
  3.0986412       0.45303901        2.7377703        2.2861896
  3.1293208       0.40681426        2.1628522        1.7573275
  3.1600004       0.30425890        1.5337221        1.2303788
  3.1906800       0.16589763       0.90533571       0.73985306
  3.2213597       0.15532432E-01   0.32952911       0.31401494
  3.2520393       0.12390081       0.15038906       0.28645659E-01
  3.2827189       0.23240070       0.50382325       0.27271131
  3.3133985       0.29665323       0.71554013       0.42031227
  3.3440781       0.31077457       0.78631024       0.47691035
  3.3747577       0.27671208       0.73171653       0.45612839
  3.4054373       0.20335407       0.57926838       0.37663524
  3.4361170       0.10471395       0.36427646       0.25981910
  3.4667966       0.31684586E-02   0.12505900       0.12744874
  3.4974762       0.10161929       0.10191173       0.81711626E-02
  3.5281558       0.17817909       0.28621333       0.10944962
  3.5588354       0.22228567       0.40675100       0.18584016
  3.5895150       0.22951961       0.45346919       0.22517585
  3.6201947       0.20129222       0.42759551       0.22723539
  3.6508743       0.14424649       0.34037999       0.19667365
  3.6815539       0.68928246E-01   0.21062000       0.14183395
  3.7122335       0.12223961E-01   0.61382279E-01   0.73333191E-01
  3.7429131       0.86130766E-01   0.83614548E-01   0.73360903E-02
  3.7735927       0.14235034       0.20332440       0.62391865E-01
  3.8042724       0.17334514       0.28221864       0.11012001
  3.8349520       0.17594923       0.31199479       0.13708709
  3.8656316       0.15149484       0.29221168       0.14145859
  3.8963112       0.10533971       0.22974135       0.12479052
  3.9269908       0.45824207E-01   0.13721695       0.91461424E-01
  3.9576704       0.17303219E-01   0.30767816E-01   0.47884538E-01
  3.9883500       0.73961098E-01   0.72624982E-01   0.61476090E-02
  4.0190297       0.11605640       0.15761167       0.42855313E-01
  4.0497093       0.13796153       0.21270766       0.75815568E-01
  4.0803889       0.13748721       0.23167365       0.95035333E-01
  4.1110685       0.11598369       0.21410148       0.98689316E-01
  4.1417481       0.77934201E-01   0.16508751       0.87425232E-01
  4.1724277       0.30104317E-01   0.94114228E-01   0.64037105E-01
  4.2031074       0.19734956E-01   0.13358564E-01   0.32976245E-01
  4.2337870       0.63676042E-01   0.64335752E-01   0.52878178E-02
  4.2644666       0.95435410E-01   0.12734702       0.33016693E-01
  4.2951462       0.11080806       0.16702997       0.57097700E-01
  4.3258258       0.10834762       0.17878565       0.71107491E-01
  4.3565054       0.89418287E-01   0.16252139       0.73533462E-01
  4.3871851       0.57831239E-01   0.12239504       0.64750927E-01
  4.4178647       0.19137286E-01   0.65935755E-01   0.46806102E-01
  4.4485443       0.20421263E-01   0.27211801E-02   0.23083559E-01
  4.4792239       0.54612351E-01   0.57257410E-01   0.52653140E-02
  4.5099035       0.78563019E-01   0.10499966       0.27321059E-01
  4.5405831       0.89155432E-01   0.13393947       0.45474749E-01
  4.5712627       0.85500291E-01   0.14073331       0.55748088E-01
  4.6019424       0.68943198E-01   0.12560116       0.56977855E-01
  4.6326220       0.42735699E-01   0.92092794E-01   0.49486110E-01
  4.6633016       0.11442307E-01   0.46361509E-01   0.34920129E-01
  4.6939812       0.19917620E-01   0.39194133E-02   0.16012974E-01
  4.7246608       0.46447147E-01   0.50803088E-01   0.58452484E-02
  4.7553404       0.64389751E-01   0.87309374E-01   0.23595452E-01
  4.7860201       0.71467407E-01   0.10842450       0.37486128E-01
  4.8166997       0.67200966E-01   0.11176488       0.44953752E-01
  4.8473793       0.52880520E-01   0.97796479E-01   0.45153340E-01
  4.8780589       0.31268467E-01   0.69608224E-01   0.38431108E-01
  4.9087385       0.61015483E-02   0.32296835E-01   0.26195306E-01
  4.9394181       0.18599548E-01   0.79224630E-02   0.10741801E-01
  4.9700978       0.39022743E-01   0.44727386E-01   0.65805885E-02
  5.0007774       0.52303262E-01   0.72664221E-01   0.20859453E-01
  5.0314570       0.56813090E-01   0.87935244E-01   0.31518685E-01
  5.0621366       0.52366757E-01   0.88891676E-01   0.36817688E-01
  5.0928162       0.40165988E-01   0.76169908E-01   0.36182099E-01
  5.1234958       0.22534568E-01   0.52469845E-01   0.30003873E-01
  5.1541754       0.25001844E-02   0.22028568E-01   0.19528527E-01
  5.1848551       0.16740396E-01   0.10116933E-01   0.67375853E-02
  5.2155347       0.32265509E-01   0.38936516E-01   0.71991962E-02
  5.2462143       0.41924920E-01   0.60195648E-01   0.18628522E-01
  5.2768939       0.44591110E-01   0.71049636E-01   0.26751560E-01
  5.3075735       0.40279876E-01   0.70409870E-01   0.30350266E-01
  5.3382531       0.30078782E-01   0.59013950E-01   0.29072498E-01
  5.3689328       0.15914337E-01   0.39211456E-01   0.23353714E-01
  5.3996124       0.20697068E-03   0.14513887E-01   0.14312737E-01
  5.4302920       0.14549517E-01   0.11020020E-01   0.37045086E-02
  5.4609716       0.26144483E-01   0.33410479E-01   0.75871862E-02
  5.4916512       0.33006428E-01   0.49407048E-01   0.16652088E-01
  5.5223308       0.34388619E-01   0.56917264E-01   0.22743836E-01
  5.5530105       0.30435184E-01   0.55274631E-01   0.25007297E-01
  5.5836901       0.22101558E-01   0.45259138E-01   0.23268043E-01
  5.6143697       0.10954633E-01   0.28894406E-01   0.17992558E-01
  5.6450493       0.11345002E-02   0.90664710E-02   0.10188819E-01
  5.6757289       0.12192077E-01   0.10993298E-01   0.15225262E-02
  5.7064085       0.20648661E-01   0.28166198E-01   0.77116973E-02
  5.7370881       0.25373652E-01   0.40001062E-01   0.14801479E-01
  5.7677678       0.25904501E-01   0.44998490E-01   0.19252480E-01
  5.7984474       0.22456821E-01   0.42803542E-01   0.20477896E-01
  5.8291270       0.15843598E-01   0.34190797E-01   0.18441387E-01
  5.8598066       0.73089742E-02   0.20876900E-01   0.13624129E-01
  5.8904862       0.17496036E-02   0.52042392E-02   0.69290334E-02
  5.9211658       0.97998597E-02   0.10305767E-01   0.88197720E-03
  5.9518455       0.15773930E-01   0.23237906E-01   0.75792920E-02
  5.9825251       0.18894640E-01   0.31791400E-01   0.13016259E-01
  6.0132047       0.18905606E-01   0.34930863E-01   0.16143708E-01
  6.0438843       0.16050593E-01   0.32523840E-01   0.16579896E-01
  6.0745639       0.10996811E-01   0.25302267E-01   0.14391688E-01
  6.1052435       0.47032180E-02   0.14693833E-01   0.10058042E-01
  6.1359232       0.18544025E-02   0.25715829E-02   0.43779882E-02
  6.1666028       0.74774774E-02   0.91670580E-02   0.17633872E-02
  6.1972824       0.11515395E-01   0.18665686E-01   0.72169259E-02
  6.2279620       0.13460894E-01   0.24654466E-01   0.11275803E-01
  6.2586416       0.13201103E-01   0.26455975E-01   0.13346164E-01
  6.2893212       0.10976025E-01   0.24088614E-01   0.13204302E-01
  6.3200008       0.73098728E-02   0.18214191E-01   0.10989846E-01
  6.3506805       0.29151703E-02   0.99906272E-02   0.71638652E-02
  6.3813601       0.16140200E-02   0.91048328E-03   0.24212117E-02
  6.4120397       0.53062242E-02   0.77453741E-02   0.24577866E-02
  6.4427193       0.78629558E-02   0.14488324E-01   0.66625635E-02
  6.4733989       0.89763891E-02   0.18501371E-01   0.95828274E-02
  6.5040785       0.86274157E-02   0.19377426E-01   0.10824394E-01
  6.5347582       0.70299722E-02   0.17228709E-01   0.10283981E-01
  6.5654378       0.45730689E-02   0.12628203E-01   0.81477294E-02
  6.5961174       0.17611799E-02   0.64852930E-02   0.48454859E-02
  6.6267970       0.11652311E-02   0.33768311E-03   0.96874224E-03
  6.6574766       0.33468021E-02   0.61774887E-02   0.28332637E-02
  6.6881562       0.47990022E-02   0.10738687E-01   0.59598056E-02
  6.7188359       0.53515497E-02   0.13261169E-01   0.79531004E-02
  6.7495155       0.50400983E-02   0.13535884E-01   0.85629616E-02
  6.7801951       0.40380954E-02   0.11724272E-01   0.77751923E-02
  6.8108747       0.26105302E-02   0.82995906E-02   0.58002510E-02
  6.8415543       0.10830439E-02   0.39461023E-02   0.30266177E-02
  6.8722339       0.63547357E-03   0.64416404E-03   0.11480669E-03
  6.9029135       0.16420054E-02   0.45744738E-02   0.29328636E-02
  6.9335932       0.22977410E-02   0.74407842E-02   0.51543039E-02
  6.9642728       0.25020569E-02   0.88707161E-02   0.64086288E-02
  6.9949524       0.23142950E-02   0.87940957E-02   0.65565214E-02
  7.0256320       0.18579919E-02   0.73877121E-02   0.56463720E-02
  7.0563116       0.12825145E-02   0.50209554E-02   0.38947918E-02
  7.0869912       0.73081521E-03   0.21782576E-02   0.16433795E-02
  7.1176709       0.33013191E-03   0.68800683E-03   0.74782416E-03
  7.1483505       0.23939998E-03   0.30251400E-02   0.28129162E-02
  7.1790301       0.33306254E-03   0.46080339E-02   0.42910920E-02
  7.2097097       0.41292139E-03   0.52686694E-02   0.49729820E-02
  7.2403893       0.47850908E-03   0.50280263E-02   0.48034833E-02
  7.2710689       0.52249568E-03   0.40536351E-02   0.38712829E-02
  7.3017486       0.53556371E-03   0.26125706E-02   0.23851291E-02
  7.3324282       0.56580925E-03   0.10160263E-02   0.64757727E-03
  7.3631078       0.70207742E-03   0.49071591E-03   0.11300278E-02
  7.3937874       0.93823001E-03   0.15982938E-02   0.25291330E-02
  7.4244670       0.11709978E-02   0.22425756E-02   0.34125006E-02
  7.4551466       0.12910412E-02   0.23924463E-02   0.36680595E-02
  7.4858262       0.12192185E-02   0.21223730E-02   0.33019861E-02
  7.5165059       0.92531774E-03   0.15739676E-02   0.24249299E-02
  7.5471855       0.47627258E-03   0.91815584E-03   0.12288064E-02
  7.5778651       0.50579005E-03   0.31967161E-03   0.22473916E-03
  7.6085447       0.11563560E-02   0.14967347E-03   0.12816379E-02
  7.6392243       0.17896689E-02   0.34455056E-03   0.21336129E-02
  7.6699039       0.22220217E-02   0.33850289E-03   0.25565519E-02
  7.7005836       0.23429414E-02   0.19612275E-03   0.25119332E-02
  7.7312632       0.20972780E-02   0.12156793E-03   0.20474516E-02
  7.7619428       0.14958940E-02   0.22967521E-03   0.12813952E-02
  7.7926224       0.63205805E-03   0.23752319E-03   0.39486415E-03
  7.8233020       0.52601316E-03   0.77527056E-04   0.56321760E-03
  7.8539816       0.15240751E-02   0.26912433E-03   0.12564165E-02
  7.8846612       0.23722342E-02   0.70299310E-03   0.16735623E-02
  7.9153409       0.28907764E-02   0.11389343E-02   0.17558632E-02
  7.9460205       0.29752648E-02   0.14597092E-02   0.15176331E-02
  7.9767001       0.25927276E-02   0.15615503E-02   0.10313038E-02
  8.0073797       0.17883396E-02   0.13784955E-02   0.41409024E-03
  8.0380593       0.68544951E-03   0.90017739E-03   0.26387841E-03
  8.0687389       0.59943071E-03   0.17900161E-03   0.77595336E-03
  8.0994186       0.17746496E-02   0.67907628E-03   0.11042848E-02
  8.1300982       0.27068809E-02   0.15250575E-02   0.11905989E-02
  8.1607778       0.32326453E-02   0.22020951E-02   0.10374331E-02
  8.1914574       0.32602961E-02   0.25706485E-02   0.69357930E-03
  8.2221370       0.27784786E-02   0.25377862E-02   0.24127888E-03
  8.2528166       0.18583735E-02   0.20775250E-02   0.22323697E-03
  8.2834963       0.64380098E-03   0.12396047E-02   0.60451849E-03
  8.3141759       0.68398210E-03   0.15366182E-03   0.83248728E-03
  8.3448555       0.19005685E-02   0.10437144E-02   0.87018108E-03
  8.3755351       0.28229616E-02   0.21171545E-02   0.72100659E-03
  8.4062147       0.33048472E-02   0.28968807E-02   0.42737611E-03
  8.4368943       0.32716942E-02   0.32399047E-02   0.99058948E-04
  8.4675739       0.27313970E-02   0.30727744E-02   0.34537044E-03
  8.4982536       0.17724003E-02   0.24060304E-02   0.63372292E-03
  8.5289332       0.54889275E-03   0.13351371E-02   0.78634077E-03
  8.5596128       0.74522995E-03   0.96323017E-04   0.77087281E-03
  8.5902924       0.19060536E-02   0.13289953E-02   0.59367849E-03
  8.6209720       0.27547274E-02   0.24860978E-02   0.30301789E-03
  8.6516516       0.31639994E-02   0.32675582E-02   0.17033798E-03
  8.6823313       0.30781326E-02   0.35410541E-02   0.47829817E-03
  8.7130109       0.25204368E-02   0.32567651E-02   0.74274803E-03
  8.7436905       0.15881584E-02   0.24558653E-02   0.87081775E-03
  8.7743701       0.43876794E-03   0.12652544E-02   0.83122152E-03
  8.8050497       0.76329531E-03   0.18018228E-03   0.62936629E-03
  8.8357293       0.18033500E-02   0.15153346E-02   0.31021603E-03
  8.8664090       0.25391187E-02   0.26484755E-02   0.16929916E-03
  8.8970886       0.28643769E-02   0.33631493E-02   0.51896971E-03
  8.9277682       0.27416403E-02   0.35467115E-02   0.81869483E-03
  8.9584478       0.22049324E-02   0.31735412E-02   0.97924748E-03
  8.9891274       0.13526265E-02   0.23080664E-02   0.96490175E-03
  9.0198070       0.34254125E-03   0.10951979E-02   0.77463188E-03
  9.0504866       0.73023971E-03   0.31308593E-03   0.44212907E-03
  9.0811663       0.16102567E-02   0.15949748E-02   0.88000397E-04
  9.1118459       0.22138282E-02   0.26285291E-02   0.43126449E-03
  9.1425255       0.24564447E-02   0.32350762E-02   0.79346201E-03
  9.1732051       0.23166854E-02   0.33263436E-02   0.10251062E-02
  9.2038847       0.18342748E-02   0.28987987E-02   0.10809377E-02
  9.2345643       0.11021371E-02   0.20320621E-02   0.94872905E-03
  9.2652440       0.27716465E-03   0.87708099E-03   0.65010919E-03
  9.2959236       0.64685314E-03   0.42080766E-03   0.23811035E-03
  9.3266032       0.13480451E-02   0.15700055E-02   0.22960668E-03
  9.3572828       0.18155949E-02   0.24560068E-02   0.64984078E-03
  9.3879624       0.19856847E-02   0.29350998E-02   0.96347039E-03
  9.4186420       0.18496786E-02   0.29446227E-02   0.11139524E-02
  9.4493217       0.14481206E-02   0.24991885E-02   0.10750287E-02
  9.4800013       0.86307235E-03   0.16855539E-02   0.85345592E-03
  9.5106809       0.24263804E-03   0.65062846E-03   0.48752299E-03
  9.5413605       0.52022592E-03   0.48130584E-03   0.40608616E-04
  9.5720401       0.10396180E-02   0.14503652E-02   0.41221621E-03
  9.6027197       0.13787757E-02   0.21640439E-02   0.79252218E-03
  9.6333993       0.14917951E-02   0.25134131E-02   0.10370180E-02
  9.6640790       0.13789159E-02   0.24600430E-02   0.11055714E-02
  9.6947586       0.10770202E-02   0.20316793E-02   0.98844083E-03
  9.7254382       0.65276255E-03   0.13147278E-02   0.70758735E-03
  9.7561178       0.22587862E-03   0.44419732E-03   0.31280729E-03
  9.7867974       0.36221156E-03   0.48676568E-03   0.13296220E-03
  9.8174770       0.70789756E-03   0.12518287E-02   0.54418534E-03
  9.8481567       0.93430484E-03   0.17871432E-02   0.86000202E-03
  9.8788363       0.10084834E-02   0.20169479E-02   0.10275645E-02
  9.9095159       0.93521970E-03   0.19238327E-02   0.10216014E-02
  9.9401955       0.74359590E-03   0.15432513E-02   0.84674051E-03
  9.9708751       0.48039059E-03   0.95476965E-03   0.53632004E-03
