# Athena data file -- Athena version 0.8.061
# Saving Ramsdellite as normalized mu(E)
# .  Element=Mn   Edge=K
# Background parameters
# .  E0=6552.023  Eshift=0.000  Rbkg=1.000
# .  Standard=0: None
# .  Kweight=2.0  Edge step=1.754
# .  Fixed step=no    Flatten=yes
# .  Pre-edge range: [ -150.000 : -75.000 ]
# .  Pre-edge line: 10.891 + -0.0014776 * E
# .  Normalization range: [ 150.000 : 1025.098 ]
# .  Post-edge polynomial: 45.554 + -0.010714 * E + 6.431e-07 * E^2
# .  Spline range: [ 0.000 : 1131.212 ]   Clamps: None/Strong
# Foreward FT parameters
# .  Kweight=0.5   Window=kaiser-bessel   Phase correction=no
# .  k-range: [ 2.000 : 15.509 ]   dk=1.00
# Backward FT parameters
# .  R-range: [ 1.000 : 3.000 ]
# .  dR=0.00   Window=kaiser-bessel
# Plotting parameters
# .  Multiplier=1   Y-offset=0.000
# .
# Merge in e space of:
# ** /home/bruce/Data/ANL/2005.06_10ID/Mn_standards/mnramsdellite.100
# ** /home/bruce/Data/ANL/2005.06_10ID/Mn_standards/mnramsdellite.101
#------------------------
#  energy norm bkg_norm der_norm stddev
  6558.2293        1.1875853        1.3609415       0.14073927
  6558.6615        1.2472893        1.3316207       0.12727169
  6559.0937        1.2979936        1.3042671       0.10288148
  6559.5350        1.3375548        1.2782901       0.75846683E-01
  6559.9673        1.3646515        1.2546802       0.52296630E-01
  6560.3997        1.3831696        1.2328089       0.30551011E-01
  6560.8412        1.3917478        1.2121998       0.12411655E-01
  6561.2827        1.3945308        1.1932523       0.17903466E-02
  6561.7243        1.3937303        1.1758836      -0.45980226E-02
  6562.1569        1.3909083        1.1603276      -0.14650522E-01
  6562.5896        1.3814460        1.1461373      -0.22457464E-01
  6563.0224        1.3718640        1.1332389      -0.28369905E-01
  6563.4552        1.3572814        1.1215614      -0.40278795E-01
  6563.8881        1.3373868        1.1110276      -0.49449187E-01
  6564.3300        1.3144193        1.1013801      -0.56317414E-01
  6564.7721        1.2880021        1.0927664      -0.63610887E-01
  6565.2142        1.2585742        1.0851119      -0.63844560E-01
  6565.6563        1.2319501        1.0783368      -0.58051951E-01
  6566.0895        1.2081564        1.0724746      -0.53508694E-01
  6566.5227        1.1859810        1.0673057      -0.49203185E-01
  6566.9560        1.1659124        1.0627542      -0.43397661E-01
  6567.3894        1.1487586        1.0587457      -0.37152216E-01
  6567.8228        1.1340990        1.0552064      -0.32762276E-01
  6568.2653        1.1204561        1.0519989      -0.29379203E-01
  6568.7079        1.1084933        1.0491220      -0.24375805E-01
  6569.1415        1.0994915        1.0465481      -0.19912003E-01
  6569.5752        1.0916129        1.0441400      -0.13317168E-01
  6570.0089        1.0883293        1.0418243      -0.50164001E-02
  6570.4427        1.0876500        1.0395588       0.39752218E-02
  6570.8856        1.0922070        1.0372953       0.10744474E-01
  6571.3286        1.0975650        1.0350809       0.16110290E-01
  6571.7716        1.1068769        1.0329156       0.21464590E-01
  6572.2147        1.1169808        1.0307985       0.23178503E-01
  6572.6488        1.1276008        1.0287711       0.26152183E-01
  6573.0829        1.1400735        1.0267896       0.25572124E-01
  6573.5171        1.1501923        1.0248531       0.22945666E-01
  6573.9514        1.1603888        1.0229611       0.20460534E-01
  6574.3857        1.1683511        1.0211136       0.15143649E-01
  6574.8292        1.1740725        1.0192726       0.88030373E-02
  6575.2727        1.1765538        1.0174772       0.25338181E-02
  6575.7072        1.1766873        1.0157618      -0.32960099E-02
  6576.1418        1.1740752        1.0140890      -0.91576660E-02
  6576.5765        1.1691123        1.0124582      -0.14789872E-01
  6577.0202        1.1614732        1.0108369      -0.19310289E-01
  6577.4640        1.1523676        1.0092586      -0.23497350E-01
  6577.8989        1.1412151        1.0077535      -0.27344729E-01
  6578.3338        1.1289680        1.0062890      -0.30132313E-01
  6578.7778        1.1151203        1.0048355      -0.32747682E-01
  6579.2218        1.1002803        1.0034235      -0.34532557E-01
  6579.6569        1.0851508        1.0020795      -0.34973103E-01
  6580.1011        1.0699163        1.0007476      -0.34694762E-01
  6580.5363        1.0550279       0.99948164      -0.34144002E-01
  6580.9716        1.0405774       0.99825346      -0.33251862E-01
  6581.4159        1.0261667       0.99703872      -0.31979935E-01
  6581.8604        1.0125445       0.99586221      -0.30943800E-01
  6582.2958       0.99932595       0.99474695      -0.29218147E-01
  6582.7313       0.98748092       0.99366776      -0.27359573E-01
  6583.1760       0.97563033       0.99260283      -0.27215284E-01
  6583.6116       0.96390934       0.99159552      -0.27048428E-01
  6584.0473       0.95244484       0.99062302      -0.25602373E-01
  6584.4830       0.94198101       0.98968512      -0.24296009E-01
  6584.9279       0.93143510       0.98876265      -0.23821689E-01
  6585.3728       0.92117353       0.98787532      -0.22667366E-01
  6585.8088       0.91185230       0.98703938      -0.21281904E-01
  6586.2448       0.90299643       0.98623630      -0.19874831E-01
  6586.6899       0.89472498       0.98544988      -0.17600106E-01
  6587.1351       0.88771518       0.98469660      -0.16206367E-01
  6587.5713       0.88082466       0.98399040      -0.16006067E-01
  6588.0075       0.87413125       0.98331529      -0.14289364E-01
  6588.4529       0.86861063       0.98265756      -0.12897194E-01
  6588.8892       0.86314303       0.98204379      -0.11923483E-01
  6589.3257       0.85858291       0.98145952      -0.10332802E-01
  6589.7712       0.85441230       0.98089345      -0.82003153E-02
  6590.2078       0.85173197       0.98036789      -0.62922196E-02
  6590.6444       0.84929635       0.97987078      -0.43317142E-02
  6591.0901       0.84829218       0.97939220      -0.32417336E-02
  6591.5360       0.84679184       0.97894214      -0.18911592E-02
  6591.9728       0.84700453       0.97852867      -0.35449419E-03
  6592.4096       0.84685962       0.97814187       0.54812833E-03
  6592.8465       0.84786066       0.97778123       0.17413933E-02
  6593.2835       0.84875845       0.97744632       0.14525739E-02
  6593.7296       0.84952414       0.97713058       0.10090829E-02
  6594.1758       0.85004325       0.97684074       0.18044462E-02
  6594.6130       0.85149846       0.97658147       0.14737179E-02
  6595.0502       0.85170799       0.97634622       0.12999145E-02
  6595.4966       0.85302685       0.97613035       0.21205656E-02
  6595.9430       0.85398468       0.97593859       0.24712893E-02
  6596.3804       0.85559028       0.97577361       0.28559505E-02
  6596.8179       0.85685855       0.97563083       0.32388014E-02
  6597.2645       0.85883256       0.97550757       0.47049169E-02
  6597.7112       0.86144396       0.97540653       0.51561177E-02
  6598.1489       0.86377104       0.97532864       0.57173132E-02
  6598.5866       0.86682317       0.97527121       0.59551519E-02
  6599.0244       0.86935881       0.97523377       0.53117881E-02
  6599.4622       0.87184797       0.97521590       0.54584929E-02
  6599.9092       0.87456592       0.97521737       0.61522639E-02
  6600.3563       0.87772982       0.97523830       0.59732833E-02
  6600.7943       0.88022987       0.97527721       0.56907244E-02
  6601.2324       0.88308834       0.97533390       0.63379818E-02
  6601.6797       0.88621806       0.97540965       0.69476573E-02
  6602.1270       0.88968388       0.97550298       0.70570055E-02
  6602.5653       0.89284380       0.97561102       0.77881534E-02
  6603.0036       0.89688293       0.97573503       0.79239209E-02
  6603.4511       0.90023838       0.97587765       0.77447016E-02
  6603.8987       0.90419443       0.97603601       0.86619979E-02
  6604.3372       0.90828889       0.97620591       0.92672768E-02
  6604.7758       0.91269378       0.97639001       0.89807225E-02
  6605.2144       0.91653756       0.97658782       0.94422166E-02
  6605.6623       0.92143873       0.97680351       0.10253661E-01
  6606.1102       0.92610085       0.97703256       0.10224035E-01
  6606.5490       0.93087831       0.97726943       0.10847297E-01
  6606.9879       0.93599137       0.97751826       0.11849580E-01
  6607.4360       0.94176237       0.97778411       0.12356860E-01
  6607.8841       0.94744266       0.97806142       0.12213837E-01
  6608.3232       0.95297147       0.97834381       0.12332812E-01
  6608.7623       0.95864225       0.97863628       0.12596257E-01
  6609.2015       0.96440344       0.97893845       0.12862015E-01
  6609.6408       0.97031001       0.97924988       0.12471272E-01
  6610.0892       0.97584624       0.97957676       0.12790884E-01
  6610.5378       0.98215909       0.97991240       0.12755623E-01
  6610.9772       0.98754483       0.98024906       0.13142277E-01
  6611.4167       0.99407734       0.98059314       0.13473881E-01
  6611.8654       0.99988344       0.98095155       0.12252957E-01
  6612.3142        1.0054491       0.98131676       0.12287401E-01
  6612.7539        1.0111714       0.98168060       0.12106005E-01
  6613.1937        1.0164629       0.98205006       0.11422589E-01
  6613.6426        1.0216928       0.98243239       0.11766813E-01
  6614.0917        1.0274032       0.98281969       0.10970413E-01
  6614.5316        1.0318152       0.98320325       0.10735287E-01
  6614.9716        1.0372148       0.98359059       0.10989838E-01
  6615.4117        1.0418528       0.98398125       0.97807302E-02
  6615.8518        1.0461890       0.98437470       0.99280940E-02
  6616.2920        1.0509575       0.98477055       0.98608696E-02
  6616.7414        1.0553298       0.98517661       0.84092213E-02
  6617.1909        1.0588886       0.98558421       0.79932793E-02
  6617.6313        1.0628110       0.98598452       0.81286555E-02
  6618.0717        1.0664123       0.98638530       0.66032773E-02
  6618.5214        1.0690562       0.98679457       0.47841265E-02
  6618.9711        1.0710862       0.98720338       0.45018976E-02
  6619.4117        1.0734312       0.98760299       0.44745281E-02
  6619.8524        1.0753927       0.98800132       0.21951744E-02
  6620.2932        1.0757291       0.98839792       0.59815314E-03
  6620.7340        1.0762826       0.98879223       0.60201483E-03
  6621.1840        1.0766315       0.98919192       0.17259770E-03
  6621.6341        1.0768076       0.98958836      -0.14459013E-02
  6622.0751        1.0757087       0.98997306      -0.22772003E-02
  6622.5162        1.0751606       0.99035370      -0.22079127E-02
  6622.9665        1.0741058       0.99073753      -0.34818230E-02
  6623.4169        1.0723932       0.99111628      -0.34313217E-02
  6623.8581        1.0714111       0.99148228      -0.31986828E-02
  6624.2994        1.0699310       0.99184341      -0.40895930E-02
  6624.7500        1.0681278       0.99220708      -0.52644335E-02
  6625.1914        1.0655991       0.99255839      -0.47763651E-02
  6625.6329        1.0642707       0.99290490      -0.50363728E-02
  6626.0837        1.0614687       0.99325373      -0.58818571E-02
  6626.5345        1.0593346       0.99359754      -0.56072070E-02
  6626.9762        1.0568272       0.99392957      -0.62468781E-02
  6627.4179        1.0541752       0.99425684      -0.64270312E-02
  6627.8689        1.0514523       0.99458612      -0.59630695E-02
  6628.3108        1.0492130       0.99490400      -0.55621016E-02
  6628.7619        1.0468474       0.99522367      -0.66030132E-02
  6629.2131        1.0436207       0.99553856      -0.67099337E-02
  6629.6552        1.0412150       0.99584243      -0.54318265E-02
  6630.0973        1.0391754       0.99614169      -0.61427211E-02
  6630.5395        1.0361404       0.99643645      -0.62595872E-02
  6630.9910        1.0339421       0.99673272      -0.50618345E-02
  6631.4425        1.0319339       0.99702427      -0.55093639E-02
  6631.8848        1.0293782       0.99730535      -0.49452078E-02
  6632.3273        1.0279147       0.99758208      -0.48726906E-02
  6632.7790        1.0253809       0.99785999      -0.44657442E-02
  6633.2308        1.0242433       0.99813335      -0.36842179E-02
  6633.6734        1.0224451       0.99839672      -0.37471436E-02
  6634.1161        1.0212814       0.99865579      -0.30068913E-02
  6634.5588        1.0201380       0.99891052      -0.25226957E-02
  6635.0016        1.0194025       0.99916101      -0.14600616E-02
  6635.4537        1.0191898       0.99941234      -0.12213054E-02
  6635.9059        1.0186599       0.99965929      -0.11724483E-02
  6636.3489        1.0184982       0.99989695      -0.31273840E-03
  6636.7919        1.0187368        1.0001304       0.33516474E-03
  6637.2351        1.0191490        1.0003598      -0.22857298E-04
  6637.6875        1.0190736        1.0005897       0.55564345E-03
  6638.1400        1.0200125        1.0008153       0.14468537E-02
  6638.5833        1.0207264        1.0010322       0.13219030E-02
  6639.0266        1.0215372        1.0012451       0.18158588E-02
  6639.4701        1.0226893        1.0014540       0.16905382E-02
  6639.9228        1.0234083        1.0016631       0.16074267E-02
  6640.3756        1.0245042        1.0018680       0.17325930E-02
  6640.8192        1.0253169        1.0020649       0.10829005E-02
  6641.2629        1.0258167        1.0022578       0.15441082E-02
  6641.7067        1.0270387        1.0024469       0.99567296E-03
  6642.1597        1.0270644        1.0026359       0.65638180E-03
  6642.6129        1.0279917        1.0028210       0.13751865E-02
  6643.0568        1.0286523        1.0029984       0.37482916E-04
  6643.5100        1.0283793        1.0031756      -0.41012058E-03
  6643.9634        1.0286380        1.0033490      -0.20093103E-03
